Sol                  ranks  141 of  601 stars in decreasing density
Sol                  ranks  370 of  601 stars in decreasing residuals
Sol                  ranks   43 of   77 stars with |v| within 1.250000


           Gaia id            |   rho   |    D    |    u     |    v     |    w     |    U     |    V     |    W     
                              |         |         |   [pc]   |   [pc]   |   [pc]   |  [km/s]  |  [km/s]  |  [km/s]  
------------------------------------------------------------------------------------------------------------------------
Sol                           |3.239e+00|5.133e-01| 0.000e+00| 0.000e+00| 0.000e+00| 1.110e+01| 1.214e+01| 7.250e+00
Gaia DR3 4247023886053586304  |1.297e+00|5.979e-01| 8.821e+00| 8.608e+00|-3.124e+00|-1.115e+01|-4.480e+00| 2.275e+01
Gaia DR3 6234740243896542464  |5.587e+00|4.688e-01| 2.941e+01|-7.975e+00| 1.229e+01|-2.290e+00|-8.168e+00|-7.384e-01
Gaia DR3 4040839376832467584  |7.885e-01|6.496e-01| 1.896e+01|-1.330e+00|-1.487e+00| 4.199e+00|-2.025e+01| 2.093e+01
Gaia DR3 2513234580367456640  |5.852e+00|4.652e-01|-1.722e+01| 5.497e+00|-2.581e+01|-1.491e+01|-5.035e+00| 1.251e+01
Gaia DR3 652005932802958976   |3.050e+00|5.185e-01|-1.771e+01|-1.017e+01| 9.992e+00| 9.093e+00|-1.466e+01|-7.158e+00
Gaia DR3 6612817217002464128  |6.280e-01|6.748e-01| 1.148e+01| 2.875e+00|-1.538e+01| 6.902e+01|-9.741e+00|-2.580e+00
Gaia DR3 2999254213453678720  |7.287e+00|4.485e-01|-1.231e+01|-8.979e+00|-4.597e+00|-1.293e+01| 6.500e+00| 2.732e+00
Gaia DR3 817747655601865088   |2.054e+00|5.538e-01|-2.074e+01| 9.549e-01| 2.080e+01|-1.901e+01|-5.537e+00|-2.115e+01
Gaia DR3 5009462425978148864  |4.177e+00|4.920e-01| 5.557e-01|-7.226e+00|-3.071e+01|-2.328e+01|-1.175e+01| 2.109e+00
Gaia DR3 4251808514080675712  |6.126e-01|6.776e-01| 2.031e+01| 9.269e+00|-5.219e-01|-3.359e+01|-4.149e+01| 8.894e+00
Gaia DR3 234556517747673600   |2.702e-01|7.766e-01|-3.206e+01| 1.644e+01|-1.090e+01| 1.334e+00|-2.386e+01|-3.646e+01
Gaia DR3 4108554857678482432  |1.717e+00|5.706e-01| 2.239e+01|-1.216e+00| 2.677e+00| 4.589e+00|-1.223e+01| 1.793e+01
Gaia DR3 4533301804432654976  |1.434e+00|5.880e-01| 1.219e+01| 1.714e+01| 3.549e+00| 3.199e+01| 6.715e+00|-1.610e+01
Gaia DR3 2893429861416436096  |3.028e+00|5.191e-01|-1.784e+01|-2.939e+01|-1.210e+01|-1.389e+01|-4.281e+00|-1.544e+01
Gaia DR3 5948579462188230144  |7.332e-01|6.576e-01| 2.590e+01|-7.773e+00|-4.108e+00|-3.380e+01|-3.854e+01|-5.441e+00
Gaia DR3 5277820503851295872  |6.823e-01|6.655e-01| 3.157e+00|-2.641e+01|-6.574e+00| 2.066e+01| 3.428e+01| 4.586e+00
Gaia DR3 6421555485729063424  |1.086e+00|6.159e-01| 2.754e+01|-1.768e+01|-1.650e+01|-8.632e+00| 1.984e+01|-1.332e+01
Gaia DR3 2464228213246255744  |2.203e+00|5.474e-01|-1.362e+01| 3.786e+00|-3.422e+01| 2.909e+01|-9.784e+00|-5.720e+00
Gaia DR3 6228000276276576896  |1.118e-01|8.996e-01| 1.985e+01|-7.497e+00| 1.173e+01|-3.898e+01| 3.908e+01| 7.965e+00
Gaia DR3 4970123274326574080  |1.900e-01|8.235e-01|-3.924e+00|-6.525e+00|-2.248e+01|-8.006e+01|-4.120e+01|-8.661e+00
Gaia DR3 6447036461541073920  |1.406e-03|1.866e+00| 2.963e+01|-1.195e+01|-1.886e+01| 7.834e+01|-1.239e+02|-4.499e+01
Gaia DR3 1217707925171095040  |5.351e+00|4.721e-01| 1.465e+01| 1.088e+01| 2.174e+01|-6.996e+00|-1.504e+01| 5.762e+00
Gaia DR3 1278597264210509568  |9.872e-01|6.258e-01| 9.021e+00| 1.262e+01| 2.396e+01|-3.281e+01|-5.219e+00| 1.845e+01
Gaia DR3 801082701458177024   |6.299e-02|9.899e-01|-2.139e+01|-1.452e+00| 2.519e+01| 6.905e+01|-4.995e+01| 1.889e+01
Gaia DR3 6002545034740672512  |1.204e+00|6.054e-01| 2.762e+01|-1.528e+01| 7.068e+00|-4.642e+00| 2.258e+01|-9.541e+00
Gaia DR3 5185052199550066432  |6.553e+00|4.565e-01|-2.067e+01| 8.305e-01|-3.080e+01|-2.192e+01|-1.155e+01| 4.303e+00
Gaia DR3 4798732668801919360  |5.824e-01|6.833e-01|-7.424e+00|-2.496e+01|-1.655e+01| 6.189e+00| 1.804e+01| 2.835e+01
Gaia DR3 4290828532394076672  |1.270e+00|6.000e-01| 1.882e+01| 1.659e+01|-3.404e+00|-2.214e+01|-1.609e+01| 2.164e+01
Gaia DR3 2779735819320035840  |9.675e+00|4.278e-01|-9.391e+00| 1.719e+01|-2.165e+01|-3.048e+01|-6.649e+00| 4.915e+00
Gaia DR3 3959501973334360960  |3.784e+00|5.002e-01|-3.371e-01|-1.623e+00| 3.294e+01| 2.775e+01|-1.207e+01| 5.585e+00
Gaia DR3 1372702716380418688  |5.076e-01|6.991e-01| 1.027e+01| 1.582e+01| 2.332e+01| 4.364e+01|-2.871e+01|-1.167e+01
Gaia DR3 1600692568433316224  |6.783e-01|6.662e-01|-2.859e-01| 2.179e+01| 2.699e+01| 5.040e+01|-1.748e+01|-1.332e+01
Gaia DR3 5956907713041688960  |7.331e-01|6.576e-01| 3.108e+01|-5.771e+00|-4.403e+00|-1.263e+01| 1.707e+00|-2.287e+01
Gaia DR3 2682914199767628032  |2.291e+00|5.438e-01| 1.058e+01| 2.262e+01|-2.235e+01|-1.752e+01| 7.446e+00|-9.522e+00
Gaia DR3 2616132101175335936  |5.886e-01|6.821e-01| 4.448e+00| 5.752e+00|-8.445e+00| 5.182e+01| 2.378e+01|-9.018e+00
Gaia DR3 975570661300436608   |2.632e+00|5.314e-01|-2.615e+01| 4.368e+00| 1.301e+01|-3.109e+01|-1.508e+01|-9.203e+00
Gaia DR3 240550093070803968   |2.971e-01|7.644e-01|-3.146e+01| 1.904e+01|-8.067e+00| 4.596e+01|-3.073e+01| 2.224e+01
Gaia DR3 480005205701443712   |6.846e-01|6.651e-01|-2.141e+01| 1.400e+01| 7.048e+00| 5.852e+01|-3.042e-01| 5.993e+00
Gaia DR3 6307365499463905536  |5.239e-08|1.021e+01| 2.324e+01|-6.376e+00| 1.682e+01| 3.140e+02|-5.006e+02|-6.209e+01
Gaia DR3 2415330079301474432  |6.695e-02|9.799e-01| 3.483e+00| 9.784e+00|-3.520e+01|-7.043e+01| 2.405e+01|-8.036e+00
Gaia DR3 3727926923100822272  |4.777e+00|4.811e-01| 1.292e+01|-3.678e+00| 3.624e+01|-1.344e+01|-3.919e+00| 1.741e+01
Gaia DR3 2942158533132325504  |7.480e-01|6.554e-01|-2.420e+01|-2.534e+01|-1.124e+01| 1.300e+01|-3.051e+01|-1.210e+01
Gaia DR3 3148069126546570240  |4.197e-02|1.059e+00|-2.766e+01|-1.712e+01| 8.533e+00|-5.651e+01|-2.994e+01|-5.161e+01
Gaia DR3 1272085891928766976  |8.823e+00|4.344e-01| 1.492e+01| 1.474e+01| 3.308e+01|-1.568e+01|-4.978e+00|-5.744e+00
Gaia DR3 3263936692671872384  |1.087e+00|6.158e-01|-2.194e+01|-1.885e+00|-1.953e+01| 3.980e+01|-4.323e-01| 8.231e+00
Gaia DR3 4753670769581963904  |2.293e-02|1.172e+00|-3.353e+00|-1.816e+01|-2.939e+01|-9.954e+01|-6.477e+01| 1.232e+01
Gaia DR3 4171266057429634048  |1.579e-01|8.493e-01| 3.011e+01| 1.129e+01| 4.418e+00|-1.663e+01| 3.072e+01|-2.862e+01
Gaia DR3 2932903703242234112  |1.254e+00|6.013e-01|-1.868e+01|-2.299e+01|-3.483e+00| 1.765e+01|-1.232e+01| 1.837e+01
Gaia DR3 111774191712070144   |2.725e+00|5.283e-01|-2.799e+01| 1.153e+01|-1.710e+01| 2.765e+01| 1.682e+01|-8.726e+00
Gaia DR3 5800124364273050880  |2.814e+00|5.255e-01| 2.275e+01|-2.305e+01|-5.030e+00| 3.213e+01| 1.448e+01| 7.402e+00
Gaia DR3 6881661519529805952  |1.430e+00|5.883e-01| 1.426e+01| 8.052e+00|-1.235e+01|-9.141e+00| 1.994e+00|-1.907e+01
Gaia DR3 939599584345993984   |3.239e+00|5.133e-01|-1.266e+01|-4.981e-01| 3.951e+00| 7.868e+00| 2.157e+01| 8.005e+00
Gaia DR3 5153091836072107136  |3.831e+00|4.992e-01|-3.400e+00|-1.270e+00|-5.826e+00| 2.654e+01| 1.488e+01| 4.410e+00
Gaia DR3 1485400665363970304  |5.175e-03|1.501e+00| 2.621e+00| 8.986e+00| 2.642e+01| 1.390e+02|-4.775e+01| 2.430e+01
Gaia DR3 1329323684130318848  |5.036e+00|4.769e-01| 1.206e+01| 1.900e+01| 2.148e+01| 1.628e+01| 2.099e+01| 1.256e+00
Gaia DR3 637329067477530368   |5.892e-01|6.820e-01|-2.217e+01|-1.247e+01| 2.317e+01|-3.983e+01|-1.132e+00| 2.451e+01
Gaia DR3 4001928725435959168  |2.292e-02|1.172e+00|-4.173e+00|-4.978e+00| 3.896e+01| 9.903e+01|-1.267e+01|-3.660e+01
Gaia DR3 5577540535991163904  |3.241e+00|5.133e-01|-1.230e+01|-2.754e+01|-9.573e+00|-3.701e+01|-8.744e+00|-1.051e+01
Gaia DR3 6910371005081903488  |1.420e+00|5.890e-01| 9.025e+00| 8.373e+00|-7.639e+00| 2.478e+01|-2.189e+01| 1.496e+01
Gaia DR3 3304700330358980608  |1.470e+00|5.856e-01|-3.327e+01| 1.267e-01|-1.825e+01|-3.623e+01|-1.075e+01| 1.809e+01
Gaia DR3 1071133340038904320  |8.031e-01|6.477e-01|-1.982e+01| 1.518e+01| 2.017e+01| 2.400e+01| 8.958e+00|-2.098e+01
Gaia DR3 1304594533751044992  |7.617e-01|6.534e-01| 1.228e+01| 1.317e+01| 1.530e+01| 3.239e+01|-1.741e+01|-1.814e+01
Gaia DR3 2801216123294143360  |5.869e-01|6.824e-01|-5.486e+00| 1.186e+01|-1.026e+01| 2.559e+01| 1.962e+01| 2.147e+01
Gaia DR3 5067164968002850816  |4.566e+00|4.848e-01|-8.151e+00|-8.971e+00|-2.900e+01|-9.322e+00| 8.646e-01| 3.941e+00
Gaia DR3 2771736189329919232  |7.313e-01|6.578e-01|-4.074e+00| 2.040e+01|-2.036e+01| 5.613e+01| 4.293e+00| 8.327e+00
Gaia DR3 3974796042637565696  |2.876e-01|7.686e-01|-4.232e+00|-7.155e+00| 2.622e+01|-1.072e+01|-4.593e+01| 2.610e+01
Gaia DR3 1828403625591238144  |1.320e-01|8.750e-01| 1.916e+01| 3.461e+01|-1.069e+00| 5.171e+01|-1.422e+01|-4.484e+01
Gaia DR3 3045014547379515136  |4.210e-01|7.213e-01|-2.613e+01|-2.794e+01|-8.783e-01| 3.419e+01|-2.302e+00|-3.251e+01
Gaia DR3 5183110874332308480  |2.231e-01|8.018e-01|-9.863e+00|-8.320e-01|-1.160e+01| 4.758e+01|-1.399e+01| 3.544e+01
Gaia DR3 3481588421005428608  |2.720e+00|5.285e-01| 4.572e+00|-2.204e+01| 1.173e+01| 1.021e+01|-1.478e+01|-9.903e+00
Gaia DR3 4512265810537057664  |7.064e+00|4.508e-01| 1.860e+01| 2.121e+01| 4.531e+00|-3.198e+01|-6.891e+00|-4.985e+00
Gaia DR3 5974322293543549440  |3.232e+00|5.135e-01| 2.800e+01|-4.738e+00|-4.169e-01|-3.635e+00|-1.663e+01| 3.953e+00
Gaia DR3 97993497084921984    |8.799e-01|6.379e-01|-1.099e+01| 9.160e+00|-1.190e+01| 5.487e+00|-2.844e+01| 1.250e+01
Gaia DR3 2115454019586473600  |2.644e+00|5.310e-01| 4.565e+00| 1.515e+01| 7.327e+00|-2.558e+01|-1.680e+01|-1.777e+00
Gaia DR3 570134471635273728   |7.119e+00|4.502e-01|-2.141e+01| 2.657e+01| 1.414e+01|-2.789e+01|-8.353e+00|-7.293e+00
Gaia DR3 6415630939116638464  |3.543e+00|5.057e-01| 1.326e+01|-1.058e+01|-9.299e+00|-2.505e+00| 4.633e+00|-1.459e+01
Gaia DR3 5898641087150340224  |1.555e-01|8.515e-01| 2.761e+01|-2.519e+01| 5.370e+00|-1.470e+01|-2.958e+01| 3.554e+01
Gaia DR3 5329084752471816192  |1.385e-01|8.681e-01|-8.022e-01|-1.451e+01|-8.363e-01|-4.969e+01|-5.867e+01| 1.954e+01
Gaia DR3 2240199626712446976  |2.803e-02|1.133e+00|-2.230e+00| 3.764e+01| 1.334e+01| 5.747e+01|-6.043e+01|-3.972e+01
Gaia DR3 469602107717323392   |1.280e-02|1.291e+00|-3.120e+01| 2.104e+01| 1.560e+00| 4.934e+01|-3.256e+01| 6.313e+01
Gaia DR3 1467644789524975232  |1.057e+00|6.186e-01|-2.371e-01| 2.668e+00| 2.126e+01| 1.532e+01| 1.470e+01|-2.322e+01
Gaia DR3 5072573534418641536  |1.077e-01|9.053e-01|-1.112e+01|-9.242e+00|-2.876e+01|-5.358e+00| 4.512e+01| 1.845e+01
Gaia DR3 3917663631751903360  |1.534e-01|8.535e-01|-5.625e+00|-1.407e+01| 3.578e+01|-4.083e+00| 1.735e+01| 3.971e+01
Gaia DR3 3663619820886886016  |2.565e-01|7.834e-01| 1.572e+01|-9.036e+00| 3.414e+01| 6.922e+01|-1.669e+01|-1.395e+01
Gaia DR3 977638808311811968   |5.559e+00|4.691e-01|-3.190e+01| 5.286e+00| 1.256e+01| 2.060e+01| 1.518e+01| 5.834e+00
Gaia DR3 6427708902552813824  |5.591e-01|6.880e-01| 9.480e+00|-5.364e+00|-6.804e+00| 4.218e+00|-4.423e+01|-1.081e+01
Gaia DR3 5568872398635858816  |9.904e-01|6.254e-01|-6.855e+00|-2.100e+01|-8.777e+00| 4.088e+00| 1.481e+01|-2.359e+01
Gaia DR3 402411982935044096   |5.836e-01|6.831e-01|-2.062e+01| 3.063e+01|-9.215e+00|-3.114e+00| 2.104e+01|-2.236e+01
Gaia DR3 3428622849953494784  |8.052e-01|6.474e-01|-3.227e+01|-2.024e+00|-1.046e+00| 3.502e+01| 1.641e+00| 1.859e+01
Gaia DR3 5329033968778084608  |1.936e+00|5.593e-01|-1.520e+00|-3.226e+01|-2.059e+00| 1.759e+01| 1.119e+01|-1.425e+01
Gaia DR3 3847123707357532672  |5.144e+00|4.753e-01|-1.180e+01|-1.643e+01| 1.761e+01| 1.118e+00|-2.407e-01| 9.359e+00
Gaia DR3 1155276250492687616  |2.681e-01|7.776e-01| 9.529e+00| 5.002e-01| 1.106e+01|-5.071e+01| 8.160e+00| 1.717e+01
Gaia DR3 1534011998572555776  |3.045e+00|5.186e-01|-1.549e+00| 1.488e+00| 8.196e+00|-1.993e+01| 8.579e+00| 8.394e+00
Gaia DR3 3479221035031532416  |2.241e-01|8.012e-01| 4.227e+00|-1.256e+01| 7.603e+00|-4.658e+01|-5.795e+01|-8.605e-01
Gaia DR3 3390215809279343104  |2.652e+00|5.308e-01|-3.782e+01|-6.165e+00|-8.814e+00| 3.563e+00| 1.590e+01| 4.081e+00
Gaia DR3 992675553238598400   |1.284e+00|5.989e-01|-2.277e+01| 6.984e+00| 8.544e+00| 4.555e+01|-1.341e+00|-1.653e+00
Gaia DR3 6288325222245417856  |5.804e-02|1.004e+00| 8.441e+00|-7.002e+00| 8.812e+00|-9.002e+01|-6.153e+01|-1.500e+01
Gaia DR3 3378112793303551872  |1.458e+00|5.864e-01|-2.655e+01|-6.073e+00| 3.543e+00| 3.987e+01| 2.323e+00|-9.255e+00
Gaia DR3 656328319169788032   |1.319e-01|8.752e-01|-1.452e+01|-7.112e+00| 8.502e+00|-8.020e+01|-7.678e-01| 1.140e+01
Gaia DR3 6402670514524710912  |3.294e-01|7.514e-01| 2.434e+01|-1.466e+01|-2.728e+01| 4.092e+01|-1.317e+01| 3.035e+01
Gaia DR3 1773581078159763456  |5.043e+00|4.768e-01| 1.018e+01| 2.785e+01|-1.426e+01| 2.054e+01| 2.192e+01|-2.938e-01
Gaia DR3 576949798755602560   |1.028e+00|6.216e-01|-1.387e+01|-1.497e+01| 1.155e+01|-4.292e+01|-2.890e+01|-2.636e+00
Gaia DR3 1896396703077703936  |1.968e+00|5.578e-01| 3.517e+00| 2.519e+01|-9.024e+00| 2.435e+01| 2.825e+01| 3.033e-02
Gaia DR3 4590758227641991424  |2.063e+00|5.534e-01| 7.955e+00| 1.224e+01| 5.985e+00| 8.047e+00| 9.900e+00| 1.488e+01
Gaia DR3 1552284674943267072  |3.984e+00|4.959e-01|-1.814e+00| 8.030e+00| 1.952e+01| 2.796e+00|-1.990e+01|-2.221e+00
Gaia DR3 3526420114274019456  |8.221e+00|4.395e-01| 5.548e+00|-1.129e+01| 1.322e+01|-1.864e+01|-8.858e+00| 1.959e-01
Gaia DR3 5795907015613389952  |7.703e-01|6.522e-01| 2.365e+01|-2.379e+01|-6.914e+00|-2.824e+01| 1.385e+01| 1.136e+01
Gaia DR3 233866333687097344   |1.211e+01|4.121e-01|-3.194e+01| 1.473e+01|-1.791e+00|-2.683e+01|-5.087e+00| 6.942e+00
Gaia DR3 4301201801807687680  |5.320e-01|6.937e-01| 1.595e+01| 1.685e+01|-3.027e+00|-2.590e+00|-3.769e+01| 1.462e+01
Gaia DR3 1504510899008497408  |6.035e+00|4.628e-01| 1.713e+00| 1.354e+01| 3.259e+01|-2.140e+01|-8.662e+00|-4.522e+00
Gaia DR3 3684209443131623040  |8.427e-01|6.425e-01| 1.321e+01|-1.472e+01| 3.321e+01|-2.895e+01|-2.734e+01|-1.616e+01
Gaia DR3 2543657311193637760  |1.884e-01|8.247e-01|-5.316e+00| 1.310e+01|-2.691e+01|-6.536e+01|-3.878e+00|-1.240e+01
Gaia DR3 1599839691007784192  |1.280e-01|8.796e-01| 3.157e-01| 2.253e+01| 2.807e+01|-6.403e+01| 2.145e+01|-9.251e+00
Gaia DR3 6805284253547188608  |6.046e-02|9.967e-01| 2.544e+01| 9.007e+00|-1.956e+01|-2.542e+01|-8.139e+01| 1.303e+01
Gaia DR3 5459060117921483008  |8.017e-01|6.478e-01|-5.290e-01|-2.119e+01| 7.338e+00|-2.578e+01|-3.439e+01| 4.530e+00
Gaia DR3 1978981124532078976  |3.009e+00|5.197e-01|-2.472e+00| 3.322e+01|-1.497e+00| 1.737e+01|-7.014e+00|-5.613e+00
Gaia DR3 1383806443791364608  |3.184e+00|5.148e-01| 8.314e+00| 1.804e+01| 2.468e+01| 3.644e+01| 1.712e+01| 9.643e-01
Gaia DR3 3407611182744289152  |1.794e-01|8.315e-01|-1.548e+01|-1.039e+00|-3.563e+00|-1.504e+01|-1.157e+01| 3.569e+01
Gaia DR3 6326190169323093760  |1.626e-01|8.452e-01| 1.876e+01|-4.817e+00| 1.797e+01|-5.259e+01|-1.324e+01|-3.105e+01
Gaia DR3 4838250838987898880  |6.969e+00|4.518e-01|-3.367e+00|-9.416e+00|-1.073e+01| 2.143e-01| 4.987e+00|-7.004e+00
Gaia DR3 5020488775257395456  |5.377e-02|1.016e+00|-5.508e+00|-6.527e+00|-3.247e+01| 5.310e+00|-4.696e+01| 4.228e+01
Gaia DR3 1708548680524012032  |2.116e-01|8.089e-01|-1.313e+01| 2.813e+01| 2.170e+01| 1.889e+01|-2.266e+01|-3.663e+01
Gaia DR3 2993141169326149504  |3.650e+00|5.032e-01|-2.746e+01|-2.488e+01|-1.059e+01| 6.986e-01| 1.289e+01|-6.166e+00
Gaia DR3 5702187702467261696  |1.215e+00|6.044e-01|-1.055e+01|-2.422e+01| 5.785e+00|-2.390e+01|-1.766e+01| 1.406e+01
Gaia DR3 2691711602755861376  |7.640e-01|6.531e-01| 1.722e+01| 2.574e+01|-2.038e+01| 1.471e+01|-3.916e+01|-1.179e+00
Gaia DR3 6548272139240237184  |1.905e+00|5.608e-01| 1.197e+01|-1.921e+00|-2.723e+01|-3.853e+01|-5.560e+00| 8.618e+00
Gaia DR3 2870356816063753728  |9.434e-01|6.305e-01|-4.094e+00| 2.147e+01|-1.191e+01|-8.360e+00|-7.772e+00| 2.202e+01
Gaia DR3 3089012054917617024  |4.423e-02|1.050e+00|-2.518e+01|-1.916e+01| 8.446e+00|-6.679e+01|-5.434e+01|-4.322e+01
Gaia DR3 4719084256940884608  |7.355e+00|4.478e-01| 3.391e+00|-1.039e+01|-1.782e+01|-3.534e+00|-1.589e+01|-4.229e+00
Gaia DR3 757183806364282496   |3.418e+00|5.088e-01|-1.296e+01|-3.231e+00| 3.656e+01| 1.532e+01| 1.014e+01|-5.294e+00
Gaia DR3 1187536677565610624  |8.796e-01|6.379e-01| 1.675e+01| 7.137e+00| 2.793e+01|-3.766e+00|-4.018e+01|-8.418e+00
Gaia DR3 6600863910701061632  |5.484e+00|4.702e-01| 8.222e+00| 2.154e+00|-1.525e+01| 5.213e+00| 7.249e+00| 5.351e-01
Gaia DR3 2281046483684995840  |6.530e-01|6.704e-01|-6.802e+00| 1.427e+01| 4.872e+00| 8.682e+00|-4.389e+01|-1.599e+00
Gaia DR3 5484637605943546112  |6.231e+00|4.603e-01|-2.132e+00|-3.541e+01|-1.629e+01|-2.519e+01|-1.196e+00| 3.576e+00
Gaia DR3 3080863574242572032  |7.925e+00|4.422e-01|-1.229e+01|-1.133e+01| 3.373e+00| 2.928e+00| 8.289e+00|-2.558e+00
Gaia DR3 5929051723344715008  |2.671e-01|7.781e-01| 2.122e+01|-1.132e+01|-3.379e+00|-6.459e+01| 2.387e+00| 4.559e+00
Gaia DR3 1400929894285124224  |2.225e-01|8.021e-01| 3.705e+00| 1.374e+01| 1.870e+01| 1.387e+00|-5.495e-01|-4.265e+01
Gaia DR3 4728513634300803968  |3.017e+00|5.195e-01| 1.596e+00|-2.304e+01|-3.095e+01| 6.256e+00| 2.100e+01|-1.129e-01
Gaia DR3 1232349301180166016  |7.317e+00|4.481e-01| 1.306e+01| 2.480e+00| 3.031e+01|-2.092e+01|-2.904e+00| 2.405e+00
Gaia DR3 6356603073264951552  |5.819e-02|1.003e+00| 2.127e+01|-2.119e+01|-2.109e+01| 3.718e+01|-1.929e+01| 4.985e+01
Gaia DR3 303876117377381376   |6.915e-01|6.640e-01|-1.472e+01| 1.477e+01|-1.201e+01|-2.101e+01|-2.946e+01| 2.311e+01
Gaia DR3 2670240370138225152  |5.838e-01|6.830e-01| 1.105e+01| 1.565e+01|-1.767e+01|-2.987e+01| 1.921e+00|-2.572e+01
Gaia DR3 246159148562933760   |4.880e-01|7.037e-01|-3.468e+01| 1.666e+01|-1.691e+00| 5.268e+01|-9.880e+00|-2.011e+01
Gaia DR3 482846859145086208   |7.436e+00|4.469e-01|-2.202e+01| 1.588e+01| 7.290e+00|-2.944e+01|-1.015e+01|-6.349e+00
Gaia DR3 657608666099404544   |3.354e-02|1.100e+00|-1.328e+01|-7.832e+00| 8.934e+00|-3.499e+01|-9.097e+01| 1.518e+01
Gaia DR3 2009481748875806976  |5.315e-01|6.938e-01|-2.224e+00| 6.141e+00|-3.653e-01|-4.163e+01|-2.770e+01|-6.999e+00
Gaia DR3 6823750688771587840  |1.055e+00|6.189e-01| 6.737e+00| 4.685e+00|-9.971e+00|-4.769e+01|-5.592e-01|-7.470e+00
Gaia DR3 685042030968334592   |4.576e+00|4.846e-01|-2.696e+01|-1.313e+01| 2.266e+01|-1.819e+01|-5.701e+00| 1.344e+01
Gaia DR3 3008738738196620160  |1.026e+00|6.218e-01|-2.510e+01|-1.867e+01|-1.289e+01|-1.486e+01| 2.158e+01|-3.971e+00
Gaia DR3 4142150439766782976  |3.224e+00|5.137e-01| 3.331e+01| 7.023e+00| 8.938e+00| 4.187e+01| 7.939e+00| 3.728e+00
Gaia DR3 685891575499521664   |2.478e+00|5.368e-01|-2.757e+01|-1.272e+01| 2.259e+01| 2.086e+01|-6.971e+00| 1.037e+01
Gaia DR3 4900721791142464384  |1.210e-01|8.879e-01| 1.366e+01|-1.852e+01|-3.133e+01|-3.160e+01|-2.256e+01|-4.165e+01
Gaia DR3 6546793777137875200  |3.807e-02|1.077e+00| 1.530e+01|-1.261e-01|-3.182e+01| 1.881e+01|-3.520e+01| 5.103e+01
Gaia DR3 1974270159574386176  |4.226e-01|7.208e-01|-1.040e+00| 2.653e+01|-3.034e+00| 2.844e+01| 2.931e-01|-2.776e+01
Gaia DR3 5291028284200511872  |9.958e-02|9.172e-01| 9.177e-01|-1.550e+01|-4.352e+00| 2.330e+01|-1.454e+01| 4.190e+01
Gaia DR3 487421342915039360   |5.000e-01|7.009e-01|-2.482e+01| 1.981e+01| 4.546e+00|-4.503e+01|-3.261e+01| 8.835e+00
Gaia DR3 4478105801013068160  |1.928e+00|5.597e-01| 2.758e+01| 1.965e+01| 6.962e+00| 8.124e+00| 2.591e+01|-1.627e+00
Gaia DR3 2252172964741830528  |5.039e-02|1.027e+00|-1.379e+00| 3.515e+01| 1.490e+01|-1.370e+01|-5.204e+01|-5.215e+01
Gaia DR3 76615005311213056    |5.283e-01|6.945e-01|-2.319e+01| 1.374e+01|-2.840e+01| 1.468e+01|-4.441e+01|-1.913e+01
Gaia DR3 2079782151537655936  |1.912e+00|5.605e-01| 3.933e+00| 1.970e+01| 3.763e+00|-1.736e+01| 1.280e+01| 8.051e+00
Gaia DR3 832607207358721792   |5.730e+00|4.668e-01|-1.894e+01| 6.347e+00| 3.357e+01| 1.847e+01| 7.099e+00|-2.670e+00
Gaia DR3 4177911333902753280  |1.938e+00|5.592e-01| 1.633e+01| 8.014e+00| 2.709e+00| 2.472e+00| 2.202e+01|-5.558e+00
Gaia DR3 2440787072018743936  |5.477e-01|6.903e-01| 2.718e+00| 1.485e+01|-2.842e+01| 5.381e+01| 4.089e+00|-1.476e+01
Gaia DR3 980444624548453376   |5.899e+00|4.645e-01|-3.235e+01| 8.203e+00| 1.498e+01|-3.511e+01|-9.154e+00|-3.878e+00
Gaia DR3 441091908649835520   |2.216e-01|8.027e-01|-2.598e+01| 2.071e+01|-3.450e+00|-5.444e+01|-5.066e+01|-9.892e+00
Gaia DR3 3794983903896750208  |1.737e-02|1.227e+00| 1.230e+00|-1.911e+01| 3.244e+01| 4.490e+01| 5.961e+01| 1.390e+01
Gaia DR3 972942484913274496   |4.255e+00|4.905e-01|-3.096e+01| 2.436e+00| 1.438e+01| 1.292e+00| 1.549e+01| 4.229e+00
Gaia DR3 1670968816195091968  |9.475e-01|6.301e-01|-9.279e+00| 2.308e+01| 3.076e+01| 4.629e+01|-9.957e+00| 1.042e+00
Gaia DR3 4583157303758720384  |2.471e+00|5.370e-01| 1.472e+01| 2.001e+01| 9.362e+00|-3.220e+01| 4.119e+00|-6.313e-01
Gaia DR3 2128674371304219392  |3.804e+00|4.998e-01| 6.330e+00| 3.828e+01| 8.380e+00| 1.082e+01|-6.869e+00|-2.918e+00
Gaia DR3 2085942027994517120  |1.326e+00|5.958e-01| 3.490e+00| 2.748e+01| 4.268e+00| 5.668e+01|-1.384e+01| 1.012e+01
Gaia DR3 3192532758297814656  |3.267e+00|5.126e-01|-2.481e+01|-1.055e+01|-2.077e+01| 2.064e+01| 1.889e+01| 4.272e+00
Gaia DR3 3486531309886887680  |1.584e+00|5.784e-01| 8.090e+00|-2.043e+01| 1.512e+01| 2.714e+01| 1.560e+01| 2.052e+01
Gaia DR3 6061219961669678464  |3.068e-01|7.603e-01| 1.858e+01|-3.025e+01| 3.822e+00|-5.845e+01|-3.943e+01| 6.695e+00
Gaia DR3 3334901543952614528  |5.971e-02|9.988e-01|-3.282e+01|-9.317e+00|-7.220e+00|-6.568e+01|-6.341e+01|-2.455e+01
Gaia DR3 6335663183550827392  |3.696e-01|7.371e-01| 2.706e+01|-2.892e+00| 2.644e+01|-5.795e+01|-2.107e+01|-1.511e+00
Gaia DR3 2108524519353741312  |1.551e-01|8.519e-01| 1.316e+01| 3.191e+01| 1.287e+01|-7.477e+01|-2.227e-02|-1.345e+01
Gaia DR3 278584536738548864   |2.835e-01|7.704e-01|-2.033e+01| 1.225e+01| 3.031e+00|-6.490e+01| 8.600e+00| 9.251e+00
Gaia DR3 3920865856289075840  |9.212e-01|6.330e-01|-5.667e-01|-8.558e+00| 2.982e+01|-2.848e+01|-2.667e+01|-6.772e+00
Gaia DR3 2566627311688927744  |1.825e+00|5.649e-01|-1.356e+01| 1.183e+01|-2.422e+01| 4.773e+01|-1.142e+01|-8.272e+00
Gaia DR3 413242962751081600   |2.532e-01|7.851e-01|-2.142e+01| 2.865e+01|-3.923e+00| 6.990e+01|-2.505e+01|-8.474e+00
Gaia DR3 4120941272839761536  |2.850e+00|5.244e-01| 3.495e+01| 2.780e+00| 4.504e+00| 4.711e+01| 1.185e+01| 4.675e+00
Gaia DR3 3994104184084389504  |6.979e-01|6.630e-01|-7.234e+00|-4.589e+00| 2.329e+01|-9.091e+00|-2.668e+01| 1.798e+01
Gaia DR3 5630532014287527040  |2.118e-01|8.088e-01|-3.047e+00|-1.882e+01| 4.709e+00|-1.834e+01|-1.712e+01| 3.349e+01
Gaia DR3 1165859359148269568  |3.843e-01|7.323e-01| 1.696e+01| 4.974e+00| 2.088e+01|-9.037e+00|-5.302e+01| 1.046e+01
Gaia DR3 6461858737275871104  |1.936e+00|5.593e-01| 2.637e+01|-8.934e+00|-2.818e+01| 1.330e+01| 9.795e+00|-1.788e+01
Gaia DR3 2519365418550216960  |2.187e-01|8.045e-01|-2.120e+01| 1.021e+01|-3.079e+01| 3.788e+01|-4.605e+01| 1.013e+01
Gaia DR3 3049217018258748800  |1.124e-02|1.319e+00|-2.381e+01|-2.218e+01|-1.667e+00| 8.639e+01|-5.261e+01|-4.529e+01
Gaia DR3 5696449660526276736  |5.065e+00|4.765e-01|-1.522e+01|-3.157e+01| 4.301e+00|-3.577e+01|-3.934e+00|-3.428e-01
Gaia DR3 709189157446292224   |1.622e+01|3.925e-01|-2.535e+01|-4.968e+00| 1.690e+01|-4.725e+00|-9.319e+00|-1.637e+00
Gaia DR3 1480783953477246080  |1.957e-01|8.195e-01| 5.763e+00| 1.104e+01| 3.222e+01|-4.060e+01|-4.425e+01| 2.764e+01
Gaia DR3 1487609618582803712  |4.996e-01|7.010e-01| 5.665e+00| 1.381e+01| 3.470e+01| 6.475e+01| 3.176e+00|-1.585e+00
Gaia DR3 6616610390384384128  |2.744e-01|7.746e-01| 2.176e+01| 7.416e+00|-3.108e+01|-2.032e+01| 3.170e+01|-5.356e+00
Gaia DR3 2006420639798213504  |9.602e+00|4.283e-01|-9.224e+00| 3.648e+01|-1.628e+00| 2.058e-01|-7.229e+00| 2.166e+00
Gaia DR3 992785646137225600   |8.141e-01|6.462e-01|-3.134e+01| 9.716e+00| 1.093e+01| 1.339e+01| 1.621e+01| 2.723e+01
Gaia DR3 3712538811193759744  |1.640e-01|8.440e-01| 5.632e+00|-4.424e+00| 1.495e+01| 1.280e+01| 1.716e+01| 3.833e+01
Gaia DR3 1932297578791925760  |2.960e+00|5.211e-01|-2.953e+00| 2.038e+01|-5.979e+00| 2.255e+01| 2.340e+01|-3.275e+00
Gaia DR3 799949929604161280   |7.824e-02|9.548e-01|-2.341e+01|-1.775e+00| 2.766e+01|-9.228e+01|-2.872e+01|-1.691e+01
Gaia DR3 6596697272732369792  |2.813e+00|5.256e-01| 1.557e+01| 1.737e+00|-2.735e+01| 7.629e+00| 1.074e+01|-1.463e+01
Gaia DR3 2081722205447961088  |8.784e-01|6.381e-01| 4.773e+00| 3.364e+01| 3.448e+00| 1.150e+01|-3.147e+01|-3.391e+00
Gaia DR3 6382693865716893824  |2.900e-01|7.675e-01| 1.460e+01|-1.397e+01|-1.823e+01| 6.845e+01|-1.334e+01| 2.360e+01
Gaia DR3 3458612029599345664  |2.396e+00|5.398e-01|-3.499e+01| 5.560e+00| 4.807e+00| 1.634e+01|-4.116e+00|-1.185e+01
Gaia DR3 2477870708709917568  |7.723e+00|4.441e-01|-1.263e+01| 6.581e+00|-3.445e+01| 4.119e-01|-3.900e+00| 1.747e+00
Gaia DR3 4713573848259077120  |1.801e-01|8.309e-01| 5.456e+00|-1.742e+01|-2.528e+01| 3.831e+01| 1.807e+00|-4.046e+01
Gaia DR3 3733136065596331520  |7.724e-01|6.519e-01| 8.431e+00|-5.524e+00| 3.140e+01| 1.067e+01| 7.160e+00| 2.439e+01
Gaia DR3 5655050092795276800  |4.730e-01|7.074e-01|-5.133e+00|-1.376e+01| 4.414e+00| 1.758e+01| 3.871e+00|-2.858e+01
Gaia DR3 1516374663831829888  |8.230e-01|6.450e-01|-2.011e+00| 5.264e+00| 3.536e+01|-3.542e+01|-2.515e+01|-1.421e+01
Gaia DR3 6003743571137684736  |1.830e+00|5.646e-01| 2.196e+01|-1.357e+01| 5.930e+00|-3.765e+01|-2.102e+01|-8.238e+00
Gaia DR3 231618931920424704   |1.937e+00|5.593e-01|-3.082e+01| 1.403e+01|-4.214e+00| 4.237e+01| 2.249e+00|-7.091e-01
Gaia DR3 4156684226836779776  |9.206e-01|6.331e-01| 2.849e+01| 1.244e+01| 2.981e-02|-1.543e+01|-3.579e+01|-5.274e+00
Gaia DR3 1661459243205261952  |1.144e+00|6.106e-01|-6.770e+00| 2.109e+01| 2.935e+01|-5.436e+00|-2.248e+00|-2.051e+01
Gaia DR3 4393265392168829056  |1.347e-01|8.722e-01| 1.204e+01| 5.915e+00| 5.863e+00| 6.193e+01| 6.386e+00|-3.912e+01
Gaia DR3 5279965341800818176  |1.514e-01|8.553e-01| 3.916e+00|-2.472e+01|-1.269e+01| 7.403e+01|-1.011e+01|-2.448e+01
Gaia DR3 4489842576543056512  |4.362e-01|7.170e-01| 2.954e+01| 2.091e+01| 1.242e+01|-3.505e+01|-2.428e+01| 2.019e+01
Gaia DR3 5806825406592131712  |6.196e-01|6.763e-01| 1.859e+01|-1.694e+01|-6.318e+00|-7.141e+00|-4.067e+01|-1.638e+01
Gaia DR3 6885538977349834880  |1.345e+00|5.943e-01| 2.580e+01| 1.858e+01|-2.379e+01| 1.480e+01|-1.380e+00|-1.923e+01
Gaia DR3 5375247610713364736  |6.268e+00|4.599e-01| 6.810e+00|-1.975e+01| 5.310e+00|-2.743e+01|-1.053e+00| 4.083e+00
Gaia DR3 569821974111727744   |7.244e+00|4.489e-01|-9.592e+00| 1.168e+01| 6.130e+00|-3.317e+01|-5.931e+00|-3.125e+00
Gaia DR3 1932623034233344000  |3.012e+00|5.196e-01|-4.113e+00| 2.611e+01|-7.752e+00|-1.314e+01| 5.489e+00| 7.730e+00
Gaia DR3 6713139956458712320  |4.402e-03|1.542e+00| 3.291e+01|-2.655e+00|-1.344e+01|-8.252e+01| 3.343e+01|-4.531e+01
Gaia DR3 559555456085598336   |2.480e-01|7.878e-01|-2.238e+01| 2.963e+01| 9.291e+00| 5.015e+01| 2.428e+01|-1.104e+01
Gaia DR3 846793900950016768   |6.372e+00|4.586e-01|-1.378e+01| 3.651e+00| 1.934e+01|-2.839e+01|-9.297e+00|-2.958e+00
Gaia DR3 3887082914848904320  |1.959e-01|8.194e-01|-1.514e+01|-1.556e+01| 2.789e+01|-1.014e+01|-5.987e+01|-6.430e+00
Gaia DR3 4772266363065849216  |2.293e-01|7.981e-01|-5.269e+00|-2.560e+01|-1.762e+01|-2.392e+01|-6.148e+01|-9.629e+00
Gaia DR3 3957129639558654720  |4.906e+00|4.790e-01| 2.596e+00|-4.278e-01| 3.603e+01|-3.283e+01|-5.561e+00|-2.604e+00
Gaia DR3 2132788541955849216  |5.948e-02|9.994e-01| 3.908e+00| 2.381e+01| 7.504e+00|-5.868e+01|-3.153e+01| 4.135e+01
Gaia DR3 4743263514068260608  |2.174e-01|8.053e-01| 1.928e+00|-1.323e+01|-2.210e+01|-6.273e+01| 3.958e+00| 1.022e+01
Gaia DR3 3722897963073804800  |2.353e-01|7.947e-01| 1.337e+01|-1.755e+00| 2.795e+01|-6.482e+00| 1.707e+01| 3.583e+01
Gaia DR3 3492600751511660800  |2.239e+00|5.459e-01| 9.865e+00|-3.006e+01| 2.426e+01|-3.933e+01|-8.077e-01| 5.833e+00
Gaia DR3 4471658131695403264  |2.027e+00|5.550e-01| 2.403e+01| 1.595e+01| 5.574e+00| 3.659e+01|-1.022e+01| 3.512e+00
Gaia DR3 308828253324985984   |1.344e-01|8.725e-01|-8.903e+00| 1.065e+01|-9.306e+00| 7.540e+01|-2.671e+01| 2.608e+01
Gaia DR3 2110336583235233536  |3.470e+00|5.075e-01| 4.540e+00| 1.185e+01| 4.810e+00|-1.873e+01|-6.024e-01| 1.374e+01
Gaia DR3 462185901786308992   |8.733e+00|4.351e-01|-1.848e+01| 1.461e+01| 8.400e-01|-1.252e+01|-6.545e+00| 1.377e+00
Gaia DR3 3064886536418158208  |2.969e-01|7.645e-01|-1.511e+01|-1.833e+01| 8.195e+00|-6.006e+01|-4.125e+01|-1.391e+01
Gaia DR3 2457106882592567936  |3.958e+00|4.965e-01|-9.038e+00| 4.183e+00|-3.399e+01| 5.344e+00| 1.342e+01|-3.348e+00
Gaia DR3 2100403801349406336  |1.071e+00|6.174e-01| 9.090e+00| 2.539e+01| 6.504e+00| 2.833e+01|-2.089e+01| 5.237e+00
Gaia DR3 2009313111279973760  |5.408e-01|6.918e-01|-1.310e+01| 3.441e+01|-2.504e+00| 4.117e+01|-2.251e+01|-1.931e+01
Gaia DR3 3445176478545784064  |9.403e+00|4.298e-01|-3.899e+01| 1.573e+00| 1.708e+00|-6.680e+00|-8.414e+00|-4.249e+00
Gaia DR3 3423169272278001920  |4.339e-01|7.176e-01|-2.874e+01|-4.335e+00|-5.281e-01| 1.982e+01|-2.789e+01|-2.134e+01
Gaia DR3 5511171437162508544  |8.597e-01|6.404e-01|-4.893e+00|-2.096e+01|-4.640e+00|-4.717e+01|-5.709e+00| 7.061e+00
Gaia DR3 1040054235130174080  |1.893e+00|5.614e-01|-1.379e+01| 6.840e+00| 1.313e+01| 3.003e+01|-6.705e-01|-1.178e+01
Gaia DR3 2990162248727121920  |2.343e-01|7.953e-01|-2.360e+01|-1.461e+01|-1.397e+01|-1.859e+01| 2.288e+01| 2.666e+01
Gaia DR3 3083867749248355328  |2.831e+00|5.250e-01|-1.280e+01|-1.130e+01| 4.375e+00| 7.866e+00| 2.044e+01|-4.010e+00
Gaia DR3 374400893422315648   |7.149e+00|4.499e-01|-1.664e+01| 2.339e+01|-1.157e+01| 6.909e+00|-1.698e+01|-8.836e+00
Gaia DR3 3058282903950269440  |4.952e+00|4.783e-01|-2.870e+01|-2.508e+01| 1.826e+00|-1.535e+01|-1.024e+01| 7.662e+00
Gaia DR3 2947359635449537920  |2.709e-01|7.763e-01|-2.253e+01|-2.333e+01|-5.195e+00| 4.260e+01| 1.476e+01|-3.364e+01
Gaia DR3 3974692997781566080  |2.991e+00|5.202e-01|-3.298e+00|-6.140e+00| 2.382e+01| 2.553e+01| 7.575e+00| 1.540e+01
Gaia DR3 4432655774190464896  |4.297e-01|7.188e-01| 2.763e+01| 9.523e+00| 1.805e+01| 1.632e+01| 1.386e+01|-3.397e+01
Gaia DR3 636051812923218304   |4.786e-01|7.060e-01|-1.869e+01|-1.035e+01| 1.843e+01|-2.082e+01|-2.744e+01|-2.496e+01
Gaia DR3 4190441815089981056  |2.794e+00|5.262e-01| 3.071e+01| 1.760e+01|-1.122e+01|-3.060e+01| 6.060e+00| 3.413e+00
Gaia DR3 6220235800033245184  |1.294e-01|8.780e-01| 2.288e+01|-1.410e+01| 1.416e+01|-7.231e+00| 1.247e+01| 4.569e+01
Gaia DR3 5843144887000900992  |1.286e-04|2.779e+00| 1.094e+01|-1.814e+01|-3.230e+00|-5.563e+01| 1.594e+01| 1.208e+02
Gaia DR3 1986803359482315648  |2.734e-01|7.751e-01|-5.690e+00| 2.878e+01|-4.908e+00| 4.780e+01|-1.635e+01|-3.203e+01
Gaia DR3 2633292522747082112  |2.874e+00|5.237e-01| 4.197e+00| 1.829e+01|-3.230e+01| 8.326e+00| 1.843e+01|-3.603e-01
Gaia DR3 2870398013390115456  |8.881e-01|6.369e-01|-5.403e+00| 2.767e+01|-1.517e+01|-1.936e+01|-4.452e+01| 6.891e+00
Gaia DR3 3703335104303461248  |3.338e+00|5.108e-01| 5.943e+00|-1.134e+01| 2.791e+01| 1.483e+01| 3.431e+00| 9.953e+00
Gaia DR3 1033808665486561664  |1.035e+00|6.209e-01|-1.882e+01| 6.148e+00| 1.431e+01| 3.406e+01| 1.401e+01| 1.874e+01
Gaia DR3 3175952638346424832  |9.737e+00|4.273e-01|-1.948e+01|-1.110e+01|-1.886e+01|-3.184e+01|-6.709e+00| 5.804e+00
Gaia DR3 4399175782566043392  |1.319e+00|5.963e-01| 3.136e+01| 1.370e+00| 2.321e+01| 1.988e+01|-1.837e+01| 9.483e+00
Gaia DR3 1681844566741448960  |1.265e-01|8.813e-01|-1.489e+01| 1.821e+01| 2.688e+01| 5.588e+01|-2.506e+01| 3.455e+01
Gaia DR3 4130485789628835840  |1.721e+00|5.704e-01| 2.832e+01| 6.122e-02| 8.168e+00|-1.502e+01|-1.260e+01| 1.962e+01
Gaia DR3 5675652776035826688  |1.056e+00|6.187e-01|-9.956e+00|-3.075e+01| 1.253e+01| 9.821e+00|-2.406e+01|-1.311e+01
Gaia DR3 499849844393678336   |8.475e-01|6.419e-01|-2.618e+01| 2.286e+01| 1.400e+01|-2.074e+01|-7.113e+00| 2.806e+01
Gaia DR3 5163903230829375488  |1.905e-01|8.232e-01|-2.446e+01|-7.225e+00|-2.871e+01|-4.062e+01|-3.180e+01|-3.258e+01
Gaia DR3 2854535874531776000  |3.899e+00|4.977e-01|-5.865e+00| 1.979e+01|-1.368e+01| 3.309e+01| 1.023e+01| 3.865e+00
Gaia DR3 1822370978937299456  |3.965e-01|7.285e-01| 1.208e+01| 1.982e+01|-2.963e+00|-1.780e+01|-5.264e+01|-1.225e+01
Gaia DR3 3218812563670036096  |1.767e-02|1.223e+00|-3.328e+01|-1.634e+01|-8.303e+00|-2.174e+01|-8.606e+01|-4.223e+01
Gaia DR3 4792137974154287104  |1.479e+01|3.986e-01|-5.419e+00|-3.355e+01|-1.986e+01| 8.636e-01|-1.015e+01| 2.651e+00
Gaia DR3 1213331563950941312  |1.029e+00|6.215e-01| 1.750e+01| 9.910e+00| 3.076e+01|-2.619e+01|-2.646e+01|-1.187e+01
Gaia DR3 795985606070786944   |8.577e-02|9.403e-01|-1.894e+01|-2.345e+00| 2.558e+01|-8.920e+00|-1.737e+00|-4.731e+01
Gaia DR3 4807503271195302272  |8.505e+00|4.371e-01|-1.347e+01|-2.792e+01|-1.952e+01|-3.154e+00|-1.622e+01| 5.802e+00
Gaia DR3 1026641705099403008  |4.283e+00|4.900e-01|-2.644e+01| 1.185e+01| 2.677e+01|-1.778e+01|-9.484e+00|-5.936e+00
Gaia DR3 3897069641524877184  |2.844e+00|5.246e-01|-2.037e+00|-1.770e+01| 3.375e+01|-2.931e+01|-9.817e+00| 1.748e+01
Gaia DR3 4520556574891724928  |9.234e+00|4.311e-01| 1.653e+01| 2.236e+01| 3.511e+00|-9.306e-01|-6.471e+00| 2.648e+00
Gaia DR3 3835743693290897152  |3.490e-01|7.442e-01|-1.353e+01|-2.202e+01| 2.498e+01|-9.317e+00| 1.649e+01|-2.560e+01
Gaia DR3 5463181705976708864  |4.286e-02|1.056e+00|-2.720e+00|-2.626e+01| 8.410e+00| 2.496e+01|-7.614e+01| 1.315e+01
Gaia DR3 3972075266754543744  |3.474e+00|5.074e-01|-1.028e+01|-1.178e+01| 3.595e+01|-2.008e+01|-5.962e+00| 1.621e+01
Gaia DR3 5559265690666327168  |1.561e-01|8.510e-01|-4.491e+00|-1.575e+01|-4.764e+00|-4.305e+01|-6.203e+01|-1.354e+01
Gaia DR3 6804996318939680000  |3.781e+00|5.003e-01| 2.061e+01| 6.928e+00|-1.610e+01| 3.085e+01| 1.719e+01|-4.073e+00
Gaia DR3 5194691411834588800  |3.372e-01|7.484e-01| 1.055e+01|-2.244e+01|-1.218e+01|-6.568e+01|-3.235e+01| 5.351e+00
Gaia DR3 3582720018762446848  |2.884e+00|5.234e-01| 6.431e+00|-1.676e+01| 2.409e+01| 2.954e+01| 2.422e+01|-9.037e-01
Gaia DR3 6585345884623967232  |1.556e-01|8.514e-01| 1.692e+01| 1.609e+00|-2.061e+01|-7.088e+01|-2.980e+01|-2.000e+01
Gaia DR3 6509993810151618304  |3.111e-01|7.586e-01| 8.663e+00|-3.604e+00|-1.239e+01| 3.407e+01|-4.529e+01| 2.913e+00
Gaia DR3 3596148182473970816  |7.371e-02|9.643e-01| 5.659e+00|-2.097e+01| 3.057e+01| 6.730e+01|-3.220e+01|-3.537e+01
Gaia DR3 1159297164515312768  |1.967e-01|8.188e-01| 2.323e+01| 8.958e-01| 3.212e+01|-3.507e+01|-5.857e+01| 1.244e+00
Gaia DR3 4987317505881087488  |6.207e-01|6.761e-01| 3.318e+00|-6.646e+00|-3.030e+01| 6.874e+01|-6.914e-01| 6.143e+00
Gaia DR3 505238104214871808   |1.029e+00|6.214e-01|-2.201e+01| 2.396e+01|-2.048e+00| 5.480e-01| 2.243e+01|-7.300e+00
Gaia DR3 1667336781395236096  |2.293e+00|5.438e-01|-7.030e+00| 2.367e+01| 2.955e+01|-2.832e+01| 1.768e+00|-1.131e+01
Gaia DR3 5461478699903920128  |8.396e-02|9.436e-01|-9.738e-01|-3.152e+01| 1.285e+01|-3.272e+00|-7.395e+01|-3.124e+01
Gaia DR3 5446118385026456576  |4.563e-01|7.117e-01| 9.710e-02|-2.940e+01| 8.917e+00|-6.168e+01|-2.670e+01| 1.335e+00
Gaia DR3 924849743234627328   |2.250e+00|5.455e-01|-3.412e+01| 2.355e+00| 1.649e+01| 3.190e+00|-6.938e+00|-1.454e+01
Gaia DR3 3809984369234891520  |1.136e+00|6.113e-01|-7.382e+00|-1.706e+01| 2.500e+01|-4.187e+01|-3.187e+01| 8.351e-02
Gaia DR3 149253931765392256   |3.747e-01|7.354e-01|-3.064e+01| 3.741e+00|-9.971e+00|-6.276e+01|-2.161e+01|-8.436e+00
Gaia DR3 1166216253750406144  |5.938e-01|6.811e-01| 1.891e+01| 6.067e+00| 2.272e+01|-2.560e+01| 2.079e+01|-1.190e+01
Gaia DR3 3480588449539357184  |8.616e+00|4.361e-01| 7.510e+00|-2.644e+01| 1.643e+01|-2.799e+01|-2.028e+00| 5.191e-01
Gaia DR3 4585850278315479168  |9.601e-02|9.228e-01| 1.712e+01| 2.352e+01| 9.859e+00|-3.539e+01| 4.005e+00|-4.488e+01
Gaia DR3 6736067076020049024  |2.269e+00|5.447e-01| 2.133e+01| 9.250e-01|-4.998e+00| 2.788e+00| 2.139e+01|-2.339e-01
Gaia DR3 3704480627912622976  |3.817e+00|4.995e-01| 9.343e+00|-1.237e+01| 3.602e+01| 8.407e+00| 9.958e+00|-3.945e+00
Gaia DR3 3684918769866265088  |1.282e+00|5.991e-01| 1.168e+01|-1.289e+01| 3.072e+01| 1.758e+00| 6.983e-01|-1.529e+01
Gaia DR3 1377192297234553728  |9.036e-01|6.351e-01| 8.810e+00| 1.640e+01| 2.481e+01| 6.045e+01| 8.624e+00| 9.950e+00
Gaia DR3 2739689239311660672  |3.018e-02|1.119e+00|-2.009e-01| 3.222e+00|-4.950e+00| 2.295e+00|-5.816e+01| 4.705e+01
Gaia DR3 3414379398367396096  |1.828e+00|5.647e-01|-3.654e+01|-1.979e+00|-5.719e+00|-3.387e+01|-3.513e+01| 2.145e+00
Gaia DR3 2705239237909520128  |1.424e+00|5.887e-01| 3.976e+00| 1.556e+01|-1.683e+01| 2.218e+01| 1.414e+01| 1.880e+01
Gaia DR3 1359938520253565952  |1.189e-01|8.905e-01| 4.222e+00| 1.383e+01| 1.116e+01|-6.894e+01| 3.682e+00|-2.904e+01
Gaia DR3 819287555996492160   |5.754e-01|6.847e-01|-2.364e+01| 2.940e+00| 2.464e+01| 3.688e+00| 3.253e+00|-2.732e+01
Gaia DR3 5592237639209047424  |1.123e+01|4.173e-01|-1.453e+01|-3.324e+01|-3.579e+00|-1.223e+01|-1.694e+00| 2.875e+00
Gaia DR3 1336988963803208448  |6.435e-03|1.448e+00| 1.430e+01| 2.548e+01| 1.923e+01| 4.887e+01|-9.830e+01|-4.236e+01
Gaia DR3 6645879561716675456  |4.771e-03|1.522e+00| 3.252e+01|-7.277e+00|-1.885e+01|-1.041e+01|-1.052e+02|-5.654e+01
Gaia DR3 4859110361272954752  |5.591e-01|6.880e-01|-8.595e+00|-1.251e+01|-1.847e+01| 4.442e-01| 2.050e+01|-2.375e+01
Gaia DR3 409363988799880064   |3.582e+00|5.048e-01|-2.199e+01| 2.612e+01|-4.133e+00|-2.646e+01| 2.566e+00| 8.623e+00
Gaia DR3 215555097097666816   |2.763e-02|1.136e+00|-3.645e+01| 1.351e+01| 7.781e+00|-2.645e+01| 5.192e+01| 1.716e+01
Gaia DR3 1067075832894179840  |1.755e+00|5.686e-01|-2.266e+01| 1.696e+01| 2.600e+01| 4.998e+00| 3.867e-01| 1.414e+01
Gaia DR3 1232177777366016256  |4.008e-01|7.272e-01| 1.276e+01| 1.623e+00| 3.144e+01|-2.707e+01|-1.700e+00| 3.082e+01
Gaia DR3 1448579017380769920  |3.885e-01|7.310e-01| 4.155e+00| 2.755e+00| 2.840e+01|-1.689e+01|-1.094e+01| 3.239e+01
Gaia DR3 5051354712350091904  |1.733e+00|5.697e-01|-6.956e+00|-9.884e+00|-2.139e+01|-1.326e+01|-2.751e+01| 4.142e+00
Gaia DR3 4722725358415413504  |5.538e+00|4.695e-01| 2.556e+00|-2.519e+01|-2.769e+01|-2.985e+01|-1.004e+00|-8.413e+00
Gaia DR3 6077332651740756224  |1.438e-01|8.627e-01| 1.260e+01|-2.424e+01| 4.409e+00| 2.303e+01| 1.593e+01|-4.467e+01
Gaia DR3 4768848634250149504  |1.795e+00|5.664e-01|-3.497e+00|-2.202e+01|-1.391e+01| 1.650e+01| 3.953e+00| 1.386e+01
Gaia DR3 3199132439405197696  |1.194e+00|6.062e-01|-2.685e+01|-1.042e+01|-2.060e+01|-3.721e+00|-4.955e+00| 2.043e+01
Gaia DR3 6830187710876927616  |5.654e+00|4.678e-01| 1.678e+01| 1.003e+01|-1.935e+01| 1.610e+01| 1.785e+01| 7.759e+00
Gaia DR3 5031808453624044800  |9.671e-01|6.279e-01| 3.567e-01|-7.046e-01|-1.392e+01|-2.472e+01|-7.833e+00| 2.053e+01
Gaia DR3 3822267696528247680  |1.273e+00|5.998e-01|-1.301e+01|-2.617e+01| 2.269e+01| 2.077e+01|-1.832e+01|-1.676e+00
Gaia DR3 1247332788512753536  |3.401e+00|5.092e-01| 5.254e+00| 1.513e+00| 1.765e+01| 5.982e+00| 1.340e+01|-8.730e+00
Gaia DR3 1380821338441693312  |2.080e+00|5.527e-01| 4.721e+00| 1.008e+01| 1.120e+01| 5.218e+00| 1.954e+01| 1.269e+01
Gaia DR3 462116284659917184   |9.327e+00|4.304e-01|-2.087e+01| 1.737e+01| 6.924e-01|-2.379e+01|-4.371e-01| 3.174e+00
Gaia DR3 675615471107440896   |2.618e+00|5.319e-01|-2.904e+01|-1.235e+01| 1.585e+01|-3.690e+01|-6.731e+00| 8.298e+00
Gaia DR3 5526688776047957504  |2.353e+00|5.414e-01|-5.249e+00|-3.224e+01|-2.766e-01|-2.933e+01|-1.095e+01|-1.334e+01
Gaia DR3 4279354441345462528  |1.447e+00|5.871e-01| 3.252e+01| 2.228e+01| 1.554e+00|-2.724e+01|-2.754e+01| 5.047e+00
Gaia DR3 6004517803427622528  |3.820e-01|7.331e-01| 3.155e+01|-2.028e+01| 9.314e+00|-1.175e+00|-5.963e+01|-6.047e+00
Gaia DR3 6679387968844598912  |3.937e-01|7.294e-01| 3.209e+01|-7.026e-01|-2.225e+01| 1.398e+01|-1.507e+01| 3.277e+01
Gaia DR3 4338745283470092416  |9.804e-01|6.265e-01| 3.445e+01| 4.816e+00| 1.557e+01|-2.269e+01|-2.680e+01| 9.398e+00
Gaia DR3 6365269423916514304  |1.002e+00|6.242e-01| 1.921e+01|-1.768e+01|-1.257e+01|-1.126e+01|-1.533e+01|-1.830e+01
Gaia DR3 5347831082126227712  |5.150e+00|4.752e-01| 8.134e+00|-2.656e+01| 3.185e+00|-6.045e+00|-1.583e+01| 8.456e+00
Gaia DR3 788737071367394688   |6.123e-01|6.776e-01|-1.597e+01| 6.845e+00| 3.562e+01|-3.744e+01|-3.465e+01| 4.927e-01
Gaia DR3 5624110076112385152  |7.412e-01|6.564e-01|-4.763e+00|-2.694e+01| 3.850e+00|-3.619e+01|-2.405e+01| 3.069e+00
Gaia DR3 1837325337808759424  |1.942e+00|5.590e-01| 1.479e+01| 3.625e+01|-1.770e+00| 1.400e+01|-1.260e+01|-1.498e+01
Gaia DR3 2264345864130205568  |1.384e+00|5.915e-01|-8.081e+00| 3.371e+01| 1.489e+01| 3.321e+01|-1.350e+01| 3.035e-01
Gaia DR3 1398534505124752640  |5.817e-01|6.834e-01| 7.210e+00| 2.369e+01| 2.720e+01| 1.083e+01|-1.787e+01| 2.448e+01
Gaia DR3 2244165462076988672  |4.869e-01|7.040e-01|-4.286e+00| 3.330e+01| 9.278e+00|-4.602e+01| 6.605e+00|-1.776e+01
Gaia DR3 4043533145964992896  |5.263e+00|4.735e-01| 3.258e+01|-1.191e+00|-2.008e+00|-1.104e+01|-1.200e+01| 2.507e+00
Gaia DR3 755921425282888960   |5.077e+00|4.763e-01|-9.686e+00|-3.656e-01| 1.505e+01| 2.542e+00| 1.888e+01| 3.131e+00
Gaia DR3 6035956895316486656  |4.287e+00|4.899e-01| 1.397e+01|-4.510e+00| 3.675e+00|-2.361e+01|-9.294e+00| 4.062e-01
Gaia DR3 3507958145812345728  |3.751e-01|7.353e-01| 1.741e+01|-1.919e+01| 2.503e+01| 7.110e+01|-2.056e+01| 1.012e+01
Gaia DR3 5211813625376697216  |3.265e-01|7.525e-01| 1.081e+01|-2.810e+01|-1.660e+01| 7.907e+01|-2.435e+00|-6.746e+00
Gaia DR3 3800936934726787712  |4.081e+00|4.940e-01|-2.342e+00|-1.864e+01| 3.394e+01|-1.375e+01| 3.664e+00| 5.792e+00
Gaia DR3 4846689899968623744  |1.169e+00|6.084e-01|-1.978e+00|-6.237e+00|-8.806e+00| 8.805e+00| 1.345e+01|-2.126e+01
Gaia DR3 5554890115423215616  |6.547e+00|4.565e-01|-5.266e+00|-1.856e+01|-8.472e+00| 3.644e-01| 1.334e+01| 9.354e+00
Gaia DR3 942860190374658688   |3.665e-01|7.381e-01|-2.397e+01| 9.675e-01| 4.907e+00| 7.704e+00| 3.828e+00|-3.435e+01
Gaia DR3 6196627086360009600  |2.887e-01|7.681e-01| 9.138e+00|-9.079e+00| 1.131e+01| 6.481e+01|-1.952e+01|-6.071e-01
Gaia DR3 4364702279101280256  |2.700e-02|1.140e+00| 2.094e+01| 6.159e+00| 7.603e+00|-1.083e+00|-4.901e+01|-6.416e+01
Gaia DR3 778947814402602752   |1.404e-02|1.271e+00|-2.178e+00| 4.425e-01| 4.372e+00|-1.129e+02| 6.593e+00| 2.277e+01
Gaia DR3 6725883502428671616  |5.557e-01|6.887e-01| 3.807e+01|-5.039e+00|-6.782e+00| 7.029e+00| 2.352e+01| 2.461e+01
Gaia DR3 3924206653650135168  |4.153e-01|7.229e-01|-3.358e+00|-7.849e+00| 2.304e+01|-3.028e+01| 1.863e+01| 1.435e+01
Gaia DR3 5127512041648672896  |6.652e+00|4.553e-01|-1.309e+01|-6.626e+00|-2.790e+01|-3.374e+01|-5.890e+00|-7.444e+00
Gaia DR3 4464207428577214464  |5.825e-01|6.833e-01| 1.627e+01| 8.396e+00| 1.597e+01| 6.320e+01|-4.741e-01|-1.108e+01
Gaia DR3 6719043646702291968  |2.535e+00|5.348e-01| 2.215e+01| 1.055e-01|-7.674e+00|-4.072e+01| 8.255e-01|-1.145e+00
Gaia DR3 2332527095563121536  |6.549e-01|6.701e-01| 7.851e+00| 5.087e+00|-3.220e+01|-5.947e+00|-3.515e+01|-1.982e+01
Gaia DR3 883455638709598848   |7.117e-01|6.608e-01|-3.329e+01|-6.324e+00| 1.073e+01| 5.306e+01|-1.504e+01| 1.113e+01
Gaia DR3 6082806153754882304  |1.213e+00|6.046e-01| 1.236e+01|-1.452e+01| 4.712e+00| 5.525e+01| 9.526e+00| 2.738e+00
Gaia DR3 6008523599168685440  |3.561e+00|5.053e-01| 3.157e+01|-1.332e+01| 6.880e+00| 1.813e+01| 1.339e+01| 1.217e+01
Gaia DR3 2110851841872084096  |5.355e-02|1.017e+00| 5.945e+00| 1.638e+01| 6.488e+00|-1.874e+01|-4.624e+01|-5.135e+01
Gaia DR3 1416150433748075776  |3.145e+00|5.159e-01| 4.545e+00| 2.616e+01| 1.829e+01| 1.214e+01| 9.012e+00| 5.439e+00
Gaia DR3 4849612195716584192  |3.655e+00|5.031e-01|-7.635e+00|-1.926e+01|-3.013e+01| 2.088e+01| 1.770e+01| 8.171e+00
Gaia DR3 4832026915979831552  |2.144e-01|8.071e-01|-7.219e+00|-2.397e+01|-2.745e+01| 1.957e+01|-2.211e+01| 3.310e+01
Gaia DR3 1416664004462620416  |1.093e+00|6.153e-01| 5.921e+00| 3.152e+01| 2.087e+01| 3.747e+01| 8.746e-01| 1.211e+01
Gaia DR3 3790755044736796544  |1.456e-01|8.609e-01|-3.032e+00|-1.970e+01| 2.653e+01|-6.585e+01|-2.308e+01|-2.199e+01
Gaia DR3 2107870928408481536  |7.686e-01|6.524e-01| 1.348e+01| 2.902e+01| 1.196e+01| 5.569e+00| 1.846e+01| 2.645e+01
Gaia DR3 3127503620545728128  |3.828e-01|7.328e-01|-1.330e+01|-7.277e+00|-1.117e-01|-5.286e+01|-4.327e+01| 8.140e-01
Gaia DR3 3390818582171734656  |9.126e+00|4.319e-01|-1.668e+01|-2.764e+00|-3.054e+00| 1.941e+01| 8.232e+00|-2.873e+00
Gaia DR3 3271045756899628032  |3.060e-03|1.639e+00|-2.692e+01|-1.468e+00|-2.322e+01| 1.526e+01|-1.090e+02|-5.877e+01
Gaia DR3 6337183361455486720  |2.204e+00|5.474e-01| 2.482e+01|-4.233e+00| 2.585e+01|-6.417e-01| 6.205e+00| 1.147e+01
Gaia DR3 4071372539860350464  |1.152e+00|6.099e-01| 1.830e+01| 1.997e+00|-3.796e+00|-2.709e+01|-7.800e-01|-1.948e+01
Gaia DR3 2079885024592509440  |8.243e-01|6.449e-01| 7.346e+00| 3.550e+01| 7.080e+00|-4.472e+01| 6.917e+00| 7.756e+00
Gaia DR3 5057675667259177088  |2.499e+00|5.360e-01|-1.040e+01|-1.234e+01|-2.725e+01| 6.705e+00|-3.460e+00|-1.586e+01
Gaia DR3 5196680222210415104  |2.148e-01|8.068e-01| 8.372e+00|-1.874e+01|-8.391e+00| 3.769e+01|-1.254e+01|-3.844e+01
Gaia DR3 2290297052965788672  |2.585e-02|1.148e+00|-1.103e+01| 3.078e+01| 1.273e+01|-9.409e+01| 6.319e+00|-3.160e+01
Gaia DR3 3757613049856225792  |1.401e+00|5.903e-01|-5.357e-01|-3.384e+00| 3.008e+00| 3.864e+01|-5.834e+00|-5.831e+00
Gaia DR3 5630532113072532736  |2.681e-01|7.776e-01|-3.046e+00|-1.881e+01| 4.708e+00|-1.909e+01|-1.758e+01| 3.253e+01
Gaia DR3 1509077480035939328  |3.664e-01|7.382e-01|-1.241e+00| 1.380e+01| 3.286e+01| 2.460e+01|-3.969e+01| 4.749e+00
Gaia DR3 5847042758817522048  |3.704e+00|5.020e-01| 2.000e+01|-2.471e+01|-3.961e+00|-1.821e+01| 1.029e+01| 2.141e+00
Gaia DR3 1951260645384643200  |4.832e+00|4.802e-01| 4.915e+00| 3.547e+01|-7.200e+00| 2.865e+01| 1.776e+01|-4.552e+00
Gaia DR3 4911623036615480576  |5.002e-01|7.008e-01| 5.267e+00|-1.574e+01|-2.909e+01| 6.504e+01|-1.994e+01|-5.204e+00
Gaia DR3 104694672564751104   |2.649e-01|7.792e-01|-2.408e+01| 1.746e+01|-2.012e+01|-5.570e+01|-4.376e+00| 1.402e+01
Gaia DR3 2369546548263550592  |3.183e+00|5.148e-01|-3.174e+00| 5.669e+00|-3.880e+01|-1.702e+01| 2.104e+00| 2.716e+00
Gaia DR3 1791309809807683200  |2.798e-01|7.721e-01| 9.763e+00| 2.707e+01|-1.012e+01|-5.977e+01|-6.512e+00| 1.453e+01
Gaia DR3 5070527824315406976  |1.465e+01|3.992e-01|-1.249e+01|-9.910e+00|-3.584e+01|-3.173e-01|-9.920e+00| 2.680e+00
Gaia DR3 3913556887102785536  |5.176e-02|1.023e+00|-3.193e+00|-1.379e+01| 3.652e+01| 1.057e+02|-4.566e+00| 1.081e+01
Gaia DR3 1209281375431039104  |1.921e-01|8.220e-01| 8.304e+00| 4.359e+00| 1.165e+01|-4.576e+01|-6.550e+01| 2.045e+01
Gaia DR3 6844519325638029184  |1.577e-02|1.247e+00| 1.733e+01| 1.559e+01|-2.197e+01| 3.361e+01|-8.389e+01|-3.043e+01
Gaia DR3 6451575245539618944  |4.730e-01|7.074e-01| 1.694e+01|-8.961e+00|-1.681e+01| 3.007e+00| 6.145e+00| 2.856e+01
Gaia DR3 4829224295199718784  |4.213e-03|1.554e+00|-3.770e+00|-2.341e+01|-2.710e+01| 1.176e+02|-1.756e+01| 5.031e+01
Gaia DR3 4871223131120838912  |2.108e+00|5.515e-01|-8.803e+00|-1.269e+01|-1.373e+01|-1.719e+01|-1.958e+01| 7.233e+00
Gaia DR3 4088326145831833088  |4.798e+00|4.808e-01| 3.371e+01| 1.178e+01|-6.847e+00| 8.572e+00| 2.462e+01| 5.551e+00
Gaia DR3 1093918828739878528  |2.837e-02|1.131e+00|-9.836e+00| 6.168e+00| 8.107e+00|-3.913e+01| 2.953e+01|-4.319e+01
Gaia DR3 1671341275759472256  |9.035e-02|9.322e-01|-6.919e+00| 1.623e+01| 2.127e+01|-1.880e+01|-7.257e+01|-7.185e+00
Gaia DR3 6161806515182527616  |2.729e-02|1.138e+00| 1.859e+01|-2.062e+01| 1.190e+01| 1.184e+02|-2.845e+01|-2.194e+01
Gaia DR3 4410360392800003712  |2.435e+00|5.383e-01| 1.975e+01| 3.228e+00| 1.590e+01| 1.167e+01|-1.256e+00| 8.271e+00
Gaia DR3 3981077930524474240  |4.094e+00|4.937e-01|-8.331e+00|-7.137e+00| 3.643e+01|-2.889e+01|-7.221e+00| 1.504e+01
Gaia DR3 3339705378973587328  |8.621e-01|6.401e-01|-2.095e+01|-5.457e+00|-4.596e+00| 3.543e+01|-1.200e+01|-1.766e+01
Gaia DR3 5942917733261127296  |9.909e-01|6.254e-01| 3.074e+01|-1.242e+01| 6.291e-01| 3.677e+00|-1.354e+01|-1.828e+01
Gaia DR3 2160951157908163968  |2.974e+00|5.207e-01|-1.789e+00| 3.323e+01| 1.856e+01|-3.243e+01|-7.130e+00| 5.829e+00
Gaia DR3 1199657143995826688  |7.169e+00|4.497e-01| 1.978e+01| 1.200e+01| 2.211e+01|-9.337e+00| 2.083e+00|-1.943e-01
Gaia DR3 1304703041804104320  |1.376e+00|5.921e-01| 1.966e+01| 2.096e+01| 2.496e+01| 3.984e+01| 2.007e+01| 1.006e+01
Gaia DR3 6017705036645936896  |3.486e-01|7.443e-01| 3.538e+01|-1.045e+01| 3.928e+00| 1.582e+01|-5.320e+01|-1.424e+01
Gaia DR3 5640774411782678912  |1.827e-01|8.289e-01|-8.981e+00|-3.379e+01| 4.434e+00| 5.010e+01|-7.931e+00|-4.031e+01
Gaia DR3 6662167868705713664  |4.211e+00|4.914e-01| 1.295e+01|-2.654e+00|-5.102e+00|-9.012e+00|-1.281e+01|-8.144e+00
Gaia DR3 4155146598548456064  |2.328e-01|7.961e-01| 1.643e+01| 6.754e+00|-7.165e-01|-3.585e+01|-5.826e+01|-6.220e-01
Gaia DR3 3234542451894736896  |2.921e+00|5.223e-01|-3.043e+01|-1.067e+01|-1.137e+01|-1.795e+00| 1.233e+01|-9.569e+00
Gaia DR3 1701045647535157888  |4.589e-01|7.110e-01|-9.006e+00| 2.142e+01| 1.896e+01| 4.436e+00|-3.281e+01| 2.454e+01
Gaia DR3 5872255213299204096  |1.924e-01|8.218e-01| 1.971e+01|-2.211e+01| 2.794e+00|-5.779e+01| 2.189e+01|-3.542e+00
Gaia DR3 219057458247921536   |3.710e-04|2.329e+00|-1.709e+01| 5.752e+00|-4.132e+00|-2.995e+01|-1.775e+02| 2.762e+01
Gaia DR3 4487392349239141248  |2.252e+00|5.454e-01| 2.907e+01| 1.814e+01| 1.239e+01| 8.845e+00|-1.287e+00|-1.232e+01
Gaia DR3 705250264413711744   |8.119e+00|4.404e-01|-2.874e+01|-8.113e+00| 2.257e+01|-1.859e+01|-6.841e+00| 9.703e+00
Gaia DR3 1645425614893967744  |2.382e-01|7.931e-01|-4.550e+00| 1.750e+01| 1.767e+01| 7.283e+01|-1.669e+01|-1.710e+01
Gaia DR3 1626972133288099456  |2.161e+00|5.492e-01|-7.459e-01| 1.611e+01| 1.655e+01|-3.433e+01|-5.751e+00| 1.234e+01
Gaia DR3 4621076882817188480  |2.098e+00|5.519e-01| 1.273e+01|-2.688e+01|-1.763e+01|-1.699e+01|-3.035e+00| 1.758e+01
Gaia DR3 4162978488536449536  |1.320e+00|5.962e-01| 3.683e+01| 8.755e+00| 8.252e+00| 4.083e+01| 4.139e+00|-1.429e+01
Gaia DR3 4807816494568583680  |2.215e-01|8.028e-01|-1.020e+01|-2.255e+01|-1.439e+01|-4.956e+01| 5.261e-01|-2.919e+01
Gaia DR3 61716073000740224    |1.121e+00|6.126e-01|-2.275e+01| 6.619e+00|-1.295e+01| 4.692e+01|-6.289e+00|-1.104e+01
Gaia DR3 2425685348530633856  |6.057e-01|6.788e-01|-3.519e+00| 1.127e+01|-3.766e+01|-1.648e+01| 2.367e+01|-4.717e+00
Gaia DR3 600260991453424512   |1.253e+00|6.014e-01|-1.975e+01|-1.383e+01| 1.115e+01|-2.060e+01|-2.704e+01| 7.589e+00
Gaia DR3 3131514462863888768  |3.919e+00|4.973e-01|-2.237e+01|-1.056e+01|-1.652e+00| 9.782e+00| 1.270e+00| 6.504e+00
Gaia DR3 1974877712769494912  |2.354e-01|7.946e-01|-3.017e+00| 3.611e+01|-4.884e+00|-3.951e+01|-1.015e+01|-3.530e+01
Gaia DR3 3408516729352167168  |8.033e-01|6.476e-01|-3.315e+01|-6.023e-01|-8.512e+00|-1.512e+01|-4.653e+01|-8.141e+00
Gaia DR3 3485971555389836160  |1.336e-01|8.733e-01| 1.086e+01|-2.853e+01| 1.987e+01| 7.230e+01|-1.040e+01|-3.871e+01
Gaia DR3 6070544438744207232  |2.341e-01|7.954e-01| 2.587e+01|-2.902e+01| 8.590e+00| 6.727e+00|-3.129e+01| 2.910e+01
Gaia DR3 4879144871880742400  |1.081e+00|6.164e-01|-1.539e+01|-1.820e+01|-1.984e+01|-1.960e+01|-3.796e+01|-1.513e+01
Gaia DR3 5734888827543700864  |1.458e+00|5.864e-01|-1.357e+01|-2.328e+01| 9.087e+00| 9.259e+00| 2.179e+01| 1.609e+01
Gaia DR3 4171536949609819392  |4.739e+00|4.818e-01| 3.514e+01| 1.218e+01| 6.022e+00| 1.143e+01|-1.100e+01|-6.928e-01
Gaia DR3 2492863516123047168  |4.952e-02|1.030e+00|-1.589e+01| 3.529e+00|-2.731e+01|-7.907e+01|-6.885e+01|-1.162e+01
Gaia DR3 4440448734652648064  |7.245e+00|4.489e-01| 2.830e+01| 1.280e+01| 2.183e+01|-1.328e+01|-3.269e+00|-4.166e+00
Gaia DR3 1391679909118786176  |2.880e+00|5.235e-01| 6.619e+00| 1.438e+01| 2.562e+01| 3.296e+01| 9.455e-01|-1.097e+01
Gaia DR3 1276940648080594048  |2.398e+00|5.397e-01| 6.993e+00| 8.116e+00| 1.603e+01| 2.582e+01|-5.407e+00|-2.537e+00
Gaia DR3 3874528072607143296  |5.983e-01|6.802e-01|-1.190e+01|-1.469e+01| 1.846e+01| 3.994e+01| 2.829e+01| 3.215e+00
Gaia DR3 1847354223872439040  |8.328e-01|6.438e-01| 5.681e+00| 2.347e+01|-7.161e+00| 3.200e+01|-2.162e+01| 1.857e+01
Gaia DR3 6644254522186867072  |7.596e+00|4.454e-01| 2.866e+01|-9.237e+00|-1.325e+01|-3.083e+01|-3.048e+00| 3.779e+00
Gaia DR3 4399508144309573376  |1.586e+00|5.782e-01| 2.159e+01| 1.947e+00| 1.541e+01| 2.644e+01| 1.161e+01|-1.528e+01
Gaia DR3 3249929979687226624  |4.673e+00|4.829e-01|-2.431e+01|-5.071e+00|-2.170e+01|-2.648e+01|-6.870e+00|-1.243e+01
Gaia DR3 3411146456224432384  |2.684e-01|7.775e-01|-2.697e+01| 7.353e-01|-7.943e+00|-2.715e+01|-7.119e+00| 3.200e+01
Gaia DR3 3037509590242988928  |1.653e+00|5.743e-01|-2.359e+01|-2.726e+01| 4.982e+00|-1.620e+01| 4.610e-01|-1.868e+01
Gaia DR3 4096449891854565760  |4.610e-01|7.104e-01| 3.881e+01| 9.441e+00|-1.402e+00| 4.197e+01|-3.129e+01| 9.133e+00
Gaia DR3 4637739191262636672  |3.824e+00|4.993e-01| 1.279e+01|-2.309e+01|-2.307e+01|-2.976e+01|-8.416e+00|-4.239e+00
Gaia DR3 6858426571093243776  |9.979e-01|6.246e-01| 2.753e+01| 1.417e+01|-2.108e+01| 3.840e+01| 6.382e+00|-1.131e+01
Gaia DR3 5166527284047995136  |2.116e+00|5.511e-01|-1.331e+01|-2.944e+00|-1.746e+01| 4.564e+01| 1.652e+01|-1.522e+00
Gaia DR3 3689321489301802496  |2.396e-01|7.923e-01| 8.168e+00|-1.076e+01| 2.609e+01| 5.636e+01|-2.143e+01|-2.486e+01
Gaia DR3 2453647681572140032  |1.593e+00|5.778e-01|-8.817e+00| 2.724e+00|-3.253e+01| 3.596e+01| 1.710e+01| 6.243e+00
Gaia DR3 333106054183616000   |5.059e+00|4.766e-01|-1.882e+01| 1.624e+01|-8.858e+00| 7.055e-01| 4.785e+00|-3.716e+00
Gaia DR3 4283420018727986560  |1.447e+00|5.871e-01| 1.889e+01| 1.295e+01| 2.429e+00| 3.155e+01|-1.081e+01| 1.427e+01
Gaia DR3 5400671579423332480  |3.872e+00|4.983e-01| 6.208e+00|-3.353e+01| 1.392e+01| 2.228e+01| 1.123e+01|-2.597e+00
Gaia DR3 6655901408341207552  |7.202e-01|6.595e-01| 2.483e+01|-6.299e+00|-9.354e+00|-4.405e+01| 6.051e+00| 1.111e+01
Gaia DR3 1062935140823485184  |5.726e-01|6.852e-01|-1.292e+01| 6.681e+00| 1.350e+01| 4.951e+01| 1.054e+00|-1.732e+01
Gaia DR3 780370406354833920   |8.314e-01|6.439e-01|-1.460e+01| 8.626e-01| 2.426e+01| 5.246e+01|-8.552e+00| 1.687e+01
Gaia DR3 2143016302194287488  |2.670e+00|5.302e-01| 5.284e-01| 1.899e+01| 6.919e+00|-3.327e+01|-1.005e+01|-8.305e+00
Gaia DR3 4207310419407283456  |1.614e-01|8.462e-01| 2.526e+01| 1.531e+01|-6.331e+00| 8.350e+01|-3.351e+01|-1.550e+01
Gaia DR3 1467576173127694464  |1.172e+00|6.081e-01|-9.000e-01| 3.537e+00| 3.040e+01|-2.705e+01|-4.124e+01| 5.339e+00
Gaia DR3 6576452652326174464  |4.893e-01|7.034e-01| 2.809e+01|-3.013e+00|-2.729e+01|-5.892e+01|-2.139e+01| 4.607e+00
Gaia DR3 330844083886196096   |1.431e+00|5.882e-01|-2.455e+01| 2.220e+01|-1.437e+01| 1.282e+01| 2.700e+01|-7.651e+00
Gaia DR3 3281535097829592320  |2.813e-01|7.714e-01|-3.493e+01|-8.244e+00|-1.697e+01| 3.960e+01| 3.588e+01| 1.286e+01
Gaia DR3 890234402772937472   |1.005e+01|4.251e-01|-2.560e+01|-2.198e+00| 9.059e+00|-1.338e+01|-8.407e+00| 7.497e-01
Gaia DR3 3656209284314369664  |2.348e+00|5.416e-01| 2.171e+01|-3.531e+00| 3.306e+01|-2.134e+01|-4.062e+00| 1.994e+01
Gaia DR3 761979257609537536   |8.292e-02|9.456e-01|-1.368e+01|-1.494e+00| 3.121e+01| 5.104e+01| 3.000e+01| 2.910e+01
Gaia DR3 1753775751304861440  |5.143e+00|4.753e-01| 1.911e+01| 2.693e+01|-9.750e+00| 1.797e+01| 1.780e+01| 2.902e+00
Gaia DR3 873931909508892800   |6.074e-01|6.785e-01|-1.922e+01|-5.150e+00| 8.972e+00| 5.296e+01| 7.342e+00|-1.170e+01
Gaia DR3 941650383986508288   |3.074e-01|7.601e-01|-2.930e+01| 1.110e-01| 5.870e+00|-5.220e+00|-3.084e+00|-3.462e+01
Gaia DR3 784266770622036096   |2.590e-01|7.821e-01|-1.090e+01| 3.379e+00| 2.542e+01| 3.414e+01| 7.312e+00|-3.755e+01
Gaia DR3 3085871437392148992  |3.601e+00|5.044e-01|-1.887e+01|-1.527e+01| 5.124e+00| 1.120e+01| 1.710e-01|-3.810e+00
Gaia DR3 5555321772519758336  |2.746e-01|7.745e-01|-8.823e+00|-3.338e+01|-1.465e+01|-1.241e-01|-1.081e+01| 3.381e+01
Gaia DR3 3099884266410439296  |4.867e-01|7.041e-01|-2.675e+01|-2.102e+01|-4.086e+00|-2.762e+01|-2.766e+01| 2.276e+01
Gaia DR3 1254536999151997696  |1.949e+00|5.587e-01| 9.952e+00| 4.946e+00| 2.843e+01| 2.406e+01|-1.516e+01|-8.315e+00
Gaia DR3 3736063584024889216  |4.027e+00|4.951e-01| 8.373e+00|-7.958e+00| 3.828e+01| 2.268e+01| 1.832e+01| 1.044e+01
Gaia DR3 6225433328936468096  |1.326e+00|5.957e-01| 2.921e+01|-1.433e+01| 1.746e+01| 7.994e+00| 1.221e+01|-1.821e+01
Gaia DR3 1027466506323120128  |2.378e-01|7.933e-01|-2.788e+01| 5.653e+00| 2.176e+01| 2.994e+01|-8.297e+00|-3.509e+01
Gaia DR3 3855524182352238336  |8.038e+00|4.412e-01|-9.139e+00|-1.868e+01| 2.266e+01|-3.436e+00|-1.657e+01| 2.134e-01
Gaia DR3 2620204486085848448  |1.371e-02|1.276e+00| 1.577e+01| 1.984e+01|-2.561e+01|-4.398e-01|-7.180e+01| 5.650e+01
Gaia DR3 3846790727133030272  |2.475e+00|5.369e-01|-1.479e+01|-2.173e+01| 2.272e+01|-2.956e+01| 3.357e+00| 9.070e-01
Gaia DR3 5059643002799575424  |2.802e-01|7.719e-01|-7.175e+00|-6.710e+00|-1.693e+01| 2.651e+01| 1.701e+01|-3.048e+01
Gaia DR3 6157380018807576192  |3.880e+00|4.981e-01| 8.836e+00|-1.548e+01| 9.210e+00| 1.750e+01| 1.384e+01| 6.806e+00
Gaia DR3 1928108370769224704  |5.987e-02|9.983e-01|-3.484e+00| 2.169e+01|-8.099e+00| 9.324e+01|-3.294e+01| 2.130e+01
Gaia DR3 1698214027136363008  |3.305e+00|5.116e-01|-8.830e+00| 2.117e+01| 2.257e+01| 1.736e+01| 2.407e+01| 7.796e+00
Gaia DR3 4555321517636285312  |2.801e+00|5.259e-01| 2.422e+01| 2.311e+01| 1.784e+01|-3.619e+00|-9.965e+00| 1.893e+01
Gaia DR3 1049765396704695936  |1.006e+00|6.238e-01|-2.223e+01| 1.069e+01| 2.516e+01|-5.059e+01|-7.210e+00| 7.834e+00
Gaia DR3 624261092608051200   |3.647e-01|7.387e-01|-1.740e+01|-1.351e+01| 2.996e+01| 1.808e+01| 1.697e+01| 3.134e+01
Gaia DR3 5986271064354048256  |5.176e-01|6.969e-01| 2.673e+01|-1.519e+01| 2.923e+00| 1.480e+01|-3.868e+01| 5.991e+00
Gaia DR3 507706748333125504   |1.640e+00|5.750e-01|-2.659e+01| 2.868e+01| 8.549e-02| 1.137e+01| 9.321e+00|-1.702e+01
Gaia DR3 3154550541435395200  |1.165e+00|6.087e-01|-1.715e+01|-8.721e+00| 2.320e+00| 3.490e+01|-1.778e+01|-4.916e+00
Gaia DR3 325305667722521216   |4.782e+00|4.811e-01|-2.236e+01| 1.650e+01|-1.331e+01| 2.910e+01| 9.043e+00|-6.783e+00
Gaia DR3 3811594122977607680  |8.614e+00|4.361e-01|-4.619e+00|-1.605e+01| 2.415e+01|-2.702e+01|-2.485e+00| 2.255e+00
Gaia DR3 5513998895734764544  |3.873e+00|4.983e-01|-2.934e+00|-3.291e+01|-6.125e+00| 6.225e+00|-4.578e+00|-3.006e+00
Gaia DR3 5786435547565566976  |7.891e-02|9.534e-01| 1.648e+01|-2.237e+01|-7.699e+00| 1.022e+02|-2.249e+01| 1.585e+01
Gaia DR3 4789619057437906048  |1.423e-01|8.642e-01|-8.041e+00|-2.753e+01|-2.496e+01|-4.995e+01| 2.797e+01|-7.580e+00
Gaia DR3 843042092397033472   |2.634e+01|3.620e-01|-1.102e+01| 6.502e+00| 2.044e+01| 2.693e+01| 1.477e+01|-1.430e+00
Gaia DR3 2695552540468718592  |2.137e+00|5.502e-01| 1.410e+01| 2.675e+01|-2.413e+01|-3.252e+01| 4.682e+00|-1.247e+00
Gaia DR3 5892650874769804288  |2.987e+00|5.203e-01| 2.553e+01|-2.381e+01| 2.738e+00| 1.440e+01|-9.085e-01| 2.255e+00
Gaia DR3 3365092380904700544  |6.160e+00|4.612e-01|-1.909e+01|-5.567e+00| 3.674e+00|-1.574e+01|-6.818e+00|-1.093e+01
Gaia DR3 4693913377763738624  |2.501e+00|5.360e-01| 9.848e+00|-2.078e+01|-2.360e+01|-3.690e-01|-1.672e+01|-9.119e+00
Gaia DR3 2125777643503392640  |6.633e-01|6.686e-01| 4.639e+00| 1.716e+01| 3.742e+00| 1.032e+01| 1.970e+01|-3.008e+01
Gaia DR3 4519789321942643072  |3.743e-01|7.355e-01| 5.245e+00| 7.041e+00| 9.346e-01| 4.709e+01| 2.353e+01| 2.187e+01
Gaia DR3 1547685731335063040  |9.318e-01|6.318e-01|-9.827e+00| 1.012e+01| 3.070e+01|-1.621e+01| 1.217e+01|-2.156e+01
Gaia DR3 3894474759723667200  |2.845e-01|7.699e-01| 2.352e+00|-1.347e+01| 3.208e+01|-2.564e+01|-3.182e+01| 2.679e+01
Gaia DR3 5502105963787924480  |3.451e+00|5.080e-01|-5.326e+00|-3.147e+01|-1.254e+01| 1.705e+00|-1.028e+01| 1.145e+01
Gaia DR3 1426873554041125120  |6.275e+00|4.598e-01| 3.645e+00| 2.916e+01| 2.646e+01|-5.672e+00|-1.412e+01|-5.392e-01
Gaia DR3 3924505377215943040  |1.613e+00|5.766e-01|-4.071e+00|-1.134e+01| 3.736e+01|-1.880e+01| 1.578e+01| 5.248e+00
Gaia DR3 6369646545345631616  |8.083e-02|9.496e-01| 2.259e+01|-1.977e+01|-1.964e+01| 3.119e+01| 2.068e+01| 3.594e+01
Gaia DR3 2279052175750230272  |2.368e+00|5.408e-01|-1.328e+01| 3.280e+01| 9.175e+00|-3.273e+01|-1.868e+01|-1.004e+01
Gaia DR3 4467057362719443072  |1.494e-01|8.572e-01| 1.085e+01| 7.417e+00| 1.049e+01| 5.422e+01|-4.272e+01| 1.217e+01
Gaia DR3 70051608089857536    |8.176e+00|4.399e-01|-1.287e+01| 3.466e+00|-5.403e+00|-3.104e+01|-6.146e+00| 7.729e-01
Gaia DR3 6878375147997885312  |2.722e+00|5.284e-01| 2.869e+01| 1.491e+01|-1.281e+01| 1.683e+01|-1.012e+01| 2.619e+00
Gaia DR3 5466468833426746880  |8.437e+00|4.376e-01|-2.972e+00|-2.416e+01| 9.968e+00|-1.897e+01| 1.250e+00|-5.026e-02
Gaia DR3 4302459166417230720  |3.609e+00|5.042e-01| 2.312e+01| 2.432e+01|-2.659e+00|-3.117e+01|-6.756e+00| 1.280e+01
Gaia DR3 6909473906672931968  |6.446e+00|4.577e-01| 2.347e+01| 2.130e+01|-2.008e+01| 6.749e-01| 5.206e-01|-3.725e+00
Gaia DR3 2213415145505277824  |4.645e-01|7.096e-01|-1.165e+01| 2.694e+01| 3.886e+00|-6.157e+01|-3.477e+01|-7.193e+00
Gaia DR3 1203594185898815488  |7.008e-01|6.625e-01| 1.774e+01| 1.056e+01| 2.290e+01| 4.923e+01|-7.624e+00| 1.574e+01
Gaia DR3 5941478335062267392  |2.551e-02|1.151e+00| 2.141e+01|-1.013e+01| 3.088e-01| 3.311e+01|-9.239e+01| 1.648e+01
Gaia DR3 1631420379376431488  |1.242e+00|6.023e-01|-1.596e+00| 2.013e+01| 1.387e+01| 2.620e+01|-1.589e+01| 2.084e+01
Gaia DR3 6001414534947341184  |1.062e+00|6.182e-01| 3.120e+01|-1.705e+01| 6.640e+00|-3.964e+01|-2.408e+01|-8.945e+00
Gaia DR3 328643239565641856   |3.146e+01|3.514e-01|-2.140e+01| 1.620e+01|-1.066e+01|-2.971e+01|-6.723e+00| 5.960e+00
Gaia DR3 148625114192311168   |3.277e+00|5.124e-01|-2.804e+01| 3.208e+00|-1.014e+01| 1.965e+00| 3.068e+00| 1.316e+01
Gaia DR3 1352483797057853440  |1.480e+00|5.849e-01| 7.851e+00| 1.533e+01| 1.428e+01| 4.724e+01| 2.060e+01| 1.060e+01
Gaia DR3 6541741997949120512  |1.889e-01|8.243e-01| 1.482e+01|-2.901e+00|-3.111e+01| 6.346e+01| 2.498e+01| 1.394e+01
Gaia DR3 5150342983988467968  |1.359e-01|8.709e-01|-1.133e+01|-1.758e-01|-2.489e+01|-7.284e+01|-8.592e+00|-1.453e+01
Gaia DR3 3305633918809117824  |1.070e+00|6.174e-01|-2.773e+01| 8.835e-01|-1.410e+01| 2.438e+01|-2.255e+01| 1.920e+01
Gaia DR3 5764963288062719744  |2.825e-01|7.709e-01| 1.628e+01|-2.521e+01|-1.453e+01| 2.662e+01|-2.188e+01|-3.404e+01
Gaia DR3 577478109796779648   |4.482e+00|4.863e-01|-1.391e+01|-1.485e+01| 1.213e+01|-3.482e+01|-1.247e+00|-1.797e+00
Gaia DR3 6226694571859532800  |2.723e-01|7.756e-01| 2.173e+01|-8.261e+00| 1.204e+01|-1.009e+01|-2.882e+01| 2.854e+01
Gaia DR3 6617978530741987456  |1.347e+00|5.942e-01| 1.603e+01| 6.170e+00|-2.139e+01| 3.163e+01| 6.576e+00| 1.799e+01
Gaia DR3 6143170617724394368  |1.625e-01|8.453e-01| 1.487e+01|-3.095e+01| 9.910e+00| 2.270e+01| 1.226e+01| 4.048e+01
Gaia DR3 2528227035593363840  |4.545e+00|4.852e-01|-2.651e+00| 6.898e+00|-1.742e+01| 8.771e+00| 4.162e+00|-1.027e+01
Gaia DR3 4951081485279882368  |1.282e+00|5.991e-01|-2.855e+00|-1.184e+01|-2.891e+01|-3.404e+01|-3.886e+01| 5.331e+00
Gaia DR3 5942630107855861888  |6.782e+00|4.539e-01| 1.787e+01|-7.254e+00|-2.980e-02| 7.603e+00|-1.278e+01|-5.524e+00
Gaia DR3 457116569072622336   |6.642e-01|6.685e-01|-2.351e+01| 2.192e+01|-3.235e+00|-5.036e+01| 5.746e+00| 1.475e+00
Gaia DR3 6582572194745321600  |2.281e+00|5.442e-01| 2.565e+01| 1.810e+00|-2.600e+01| 3.124e+01| 2.208e+01|-7.318e+00
Gaia DR3 3337021642888651776  |7.491e-01|6.552e-01|-3.486e+01|-9.526e+00|-5.693e+00| 5.204e+00|-2.108e+00|-2.714e+01
Gaia DR3 3308428877366857728  |5.211e+02|2.201e-01|-3.565e+01|-2.432e+00|-1.348e+01|-2.768e+01|-6.201e+00| 3.673e+00
Gaia DR3 6035956925371144832  |3.878e+00|4.982e-01| 1.387e+01|-4.478e+00| 3.650e+00|-2.381e+01|-9.713e+00| 9.179e-01
Gaia DR3 1557142459045799552  |3.742e+00|5.011e-01|-4.309e+00| 8.232e+00| 2.179e+01| 2.572e+01| 1.203e+01| 1.270e+01
Gaia DR3 6261708725795693440  |4.451e-01|7.146e-01| 2.559e+01|-3.514e+00| 1.443e+01|-4.836e-01| 2.655e+00|-3.151e+01
Gaia DR3 5115590415026701184  |1.191e-01|8.902e-01|-1.456e+01|-5.479e+00|-1.609e+01|-8.360e+01|-4.184e+01|-1.870e+01
Gaia DR3 4453623873248473088  |3.220e+00|5.138e-01| 2.829e+01| 1.283e+01| 2.494e+01|-2.055e+01|-1.341e+01|-8.327e+00
Gaia DR3 3472117227842567552  |5.070e-01|6.993e-01| 1.180e+01|-2.286e+01| 1.750e+01|-8.545e+00|-3.003e+01|-2.498e+01
Gaia DR3 6320600527085407232  |1.184e-01|8.911e-01| 2.056e+01|-3.377e+00| 1.838e+01| 6.424e+01|-4.650e+01|-2.840e+00
Gaia DR3 3472253945241732864  |9.664e-01|6.280e-01| 1.487e+01|-2.765e+01| 2.205e+01|-1.465e+00|-2.706e+01|-1.052e+01
Gaia DR3 1237090738916392832  |3.794e+00|5.000e-01| 2.976e+00| 1.268e+00| 5.923e+00| 1.856e+01| 1.117e+01| 6.341e+00
Gaia DR3 1144584084028819072  |6.026e-01|6.794e-01|-1.289e+01| 1.451e+01| 1.251e+01| 2.358e+00|-3.656e+01| 2.108e+01
Gaia DR3 5788596049254781952  |1.890e-01|8.243e-01| 1.613e+01|-2.671e+01|-8.611e+00| 6.338e+01|-3.822e+01| 8.874e+00
Gaia DR3 4745195905754074496  |6.328e+01|3.128e-01| 6.132e-01|-2.045e+01|-3.301e+01|-8.704e-01|-5.789e+00| 5.997e+00
Gaia DR3 1650113932474495104  |1.582e+00|5.785e-01|-5.973e+00| 2.787e+01| 2.049e+01| 2.801e+01| 8.441e+00|-1.688e+01
Gaia DR3 469602107722440576   |1.352e-02|1.279e+00|-3.128e+01| 2.110e+01| 1.565e+00| 4.855e+01|-3.161e+01| 6.243e+01
Gaia DR3 6066148488181224576  |2.816e+00|5.254e-01| 1.831e+01|-2.117e+01| 4.553e+00| 2.396e+01|-4.577e-01|-2.521e+00
Gaia DR3 3590516110255264000  |4.353e+00|4.887e-01|-1.418e-01|-1.307e+01| 1.370e+01|-5.307e+00|-6.845e-01| 1.024e+01
Gaia DR3 3173680600645518848  |1.818e+00|5.652e-01|-1.786e+01|-1.132e+01|-1.439e+01|-2.462e+01| 9.686e+00|-1.050e+01
Gaia DR3 5683119044103789440  |4.826e-01|7.050e-01|-6.966e+00|-1.630e+01| 7.766e+00| 5.184e+01|-4.210e+00| 2.375e+01
Gaia DR3 1150479046901494016  |3.161e+00|5.154e-01|-1.607e+01| 2.075e+01| 1.298e+01| 4.683e+00| 9.121e-01|-1.239e+01
Gaia DR3 3190360569997363968  |9.210e-01|6.330e-01|-2.216e+01|-9.702e+00|-2.144e+01| 4.130e+01|-2.310e+01|-7.868e+00
Gaia DR3 1923802133480850176  |1.735e-01|8.361e-01|-8.383e+00| 2.552e+01|-9.105e+00|-7.217e+01|-4.235e+01| 6.328e+00
Gaia DR3 4716354478806033792  |1.674e+00|5.730e-01| 7.870e+00|-1.966e+01|-3.213e+01|-1.861e+01| 9.930e+00|-7.757e+00
Gaia DR3 5258898488554176384  |4.446e+00|4.870e-01| 6.442e+00|-3.020e+01|-6.663e-01| 2.295e+01| 9.898e+00| 3.940e+00
Gaia DR3 319280348298103040   |1.647e-01|8.434e-01|-2.499e+01| 2.605e+01|-1.704e+01| 5.954e+01| 2.735e+01|-1.312e+01
Gaia DR3 3862158321981206272  |5.208e-01|6.961e-01|-1.308e+01|-2.134e+01| 2.972e+01|-8.168e+00|-2.278e+01|-2.417e+01
Gaia DR3 5569783309659510400  |1.041e+01|4.226e-01|-1.261e+01|-3.403e+01|-1.304e+01|-1.446e+01|-6.785e+00| 3.961e+00
Gaia DR3 372256570871229824   |1.830e-01|8.287e-01|-1.886e+01| 2.245e+01|-1.135e+01|-7.434e+00|-4.452e+01|-3.252e+01
Gaia DR3 741184091114529792   |8.997e-01|6.355e-01|-1.745e+01|-6.731e+00| 2.761e+01|-8.513e+00|-1.019e+01| 2.447e+01
Gaia DR3 6353376831270492800  |2.226e+00|5.465e-01| 1.503e+01|-1.902e+01|-1.957e+01| 2.178e+01|-4.899e+00|-1.020e+01
Gaia DR3 2338943673624461440  |7.843e-06|4.430e+00| 5.995e+00| 5.021e+00|-2.798e+01|-4.890e+00|-3.271e+02|-9.660e+01
Gaia DR3 3975129194660883328  |4.516e-01|7.129e-01|-5.073e+00|-8.971e+00| 3.804e+01|-6.183e+01|-2.836e+01|-5.849e+00
Gaia DR3 6723283462325198208  |6.195e+00|4.608e-01| 3.544e+01|-3.903e+00|-8.413e+00|-3.532e+00|-3.843e+00| 6.251e+00
Gaia DR3 3233007361862146048  |3.515e+00|5.064e-01|-2.918e+01|-7.452e+00|-1.457e+01|-8.829e+00| 6.363e+00| 8.382e+00
Gaia DR3 1683438102687493120  |2.039e+00|5.545e-01|-1.574e+01| 2.061e+01| 2.838e+01|-1.157e-01| 2.313e+01| 5.517e-01
Gaia DR3 4489242552431774592  |3.039e+00|5.188e-01| 2.598e+01| 1.798e+01| 1.094e+01|-1.450e+00| 1.093e+01|-1.231e+01
Gaia DR3 981375326780564608   |3.223e-01|7.541e-01|-2.455e+01| 6.767e+00| 1.136e+01| 5.825e+01| 1.020e+00|-1.632e+01
Gaia DR3 4784805056230587392  |1.539e-01|8.530e-01|-3.487e+00|-1.509e+01|-1.317e+01| 4.806e+01| 1.191e+01|-3.831e+01
Gaia DR3 6866905901690264960  |3.879e+00|4.981e-01| 2.967e+01| 1.167e+01|-1.403e+01|-2.961e+00|-1.615e+00| 1.624e+01
Gaia DR3 6571829966141537920  |8.958e+00|4.333e-01| 2.198e+01| 7.471e-03|-2.839e+01|-5.517e+00|-4.751e+00|-1.938e+00
Gaia DR3 5840088966220222720  |1.832e-01|8.285e-01| 1.797e+01|-2.589e+01|-5.762e+00|-2.883e+01|-6.351e+01|-1.469e+01
Gaia DR3 2603443492176803584  |3.907e+00|4.976e-01| 9.626e+00| 1.262e+01|-2.572e+01| 2.413e+01| 6.735e+00|-6.536e-01
Gaia DR3 6912395304772726144  |5.411e+00|4.713e-01| 1.487e+01| 1.504e+01|-1.295e+01| 1.227e+01| 1.576e+01|-1.231e+00
Gaia DR3 2914376038961656064  |9.280e-02|9.280e-01|-1.666e+01|-1.968e+01|-1.170e+01|-2.939e+01|-6.524e+01|-3.502e+01
Gaia DR3 4398623381046659712  |5.797e+00|4.659e-01| 2.898e+01| 2.488e+00| 1.983e+01|-6.333e+00|-1.207e+01| 3.070e-01
Gaia DR3 4722135642226902656  |2.351e-01|7.948e-01| 1.274e+00|-8.078e+00|-8.836e+00|-5.872e+01|-3.420e+01| 2.329e+01
Gaia DR3 221399899050288896   |8.748e-01|6.385e-01|-3.291e+01| 1.330e+01|-1.002e+01| 3.792e+01|-2.109e+01| 1.532e+01
Gaia DR3 1008355658499073024  |3.732e-01|7.359e-01|-2.967e+01| 1.715e+01| 1.276e+01|-4.427e+01| 2.444e+01|-7.456e+00
Gaia DR3 1948077941473461504  |1.039e+00|6.204e-01| 1.470e+00| 2.874e+01|-8.202e+00| 2.625e+01| 9.103e-01| 1.700e+01
Gaia DR3 950362158209755008   |5.098e+00|4.760e-01|-3.129e+01| 1.795e+00| 9.833e+00|-7.927e-01|-3.080e-01| 5.901e+00
Gaia DR3 1961385914819977216  |8.487e-02|9.419e-01|-1.534e+00| 2.149e+01|-4.118e+00| 3.456e+01|-6.488e+01|-1.266e+00
Gaia DR3 258996015538087680   |1.461e-02|1.263e+00|-1.795e+01| 7.522e+00| 7.426e-01|-6.923e+01|-6.880e+01| 4.261e+01
Gaia DR3 460050169170768128   |6.184e+00|4.609e-01|-2.512e+01| 2.051e+01|-5.859e-01|-8.057e+00|-5.292e+00| 2.851e+00
Gaia DR3 3965607870640939008  |3.107e-02|1.114e+00|-6.310e+00|-1.382e+01| 3.526e+01| 7.710e+01| 4.292e+01| 8.027e+00
Gaia DR3 6114232433761438208  |1.317e-03|1.886e+00| 7.823e+00|-7.381e+00| 4.226e+00| 1.726e+02|-3.289e+01|-1.274e+01
Gaia DR3 5850123968410499200  |4.504e-01|7.132e-01| 2.342e+01|-2.431e+01|-2.168e+00| 5.938e+01|-2.115e+01| 1.944e+01
Gaia DR3 1615668981955214336  |1.243e+01|4.103e-01|-1.941e+00| 1.868e+01| 2.256e+01| 2.438e+01| 1.937e+01| 4.075e+00
Gaia DR3 3639794778302745088  |6.586e-03|1.442e+00| 1.053e+01|-4.308e+00| 1.334e+01| 3.708e+00|-1.059e+02| 4.158e+01
Gaia DR3 5788811970149449472  |1.100e-02|1.324e+00| 1.758e+01|-2.805e+01|-8.319e+00|-1.275e+02|-3.025e+01|-6.755e+00
Gaia DR3 6772521384023709696  |1.331e-01|8.739e-01| 2.540e+01| 7.443e+00|-8.024e+00| 7.918e+01|-3.707e+01|-3.466e+00
Gaia DR3 5640774308703468928  |1.798e-01|8.311e-01|-8.968e+00|-3.375e+01| 4.424e+00| 5.081e+01|-7.842e+00|-4.036e+01
Gaia DR3 2559743131948470272  |1.279e+00|5.993e-01|-1.114e+01| 8.660e+00|-2.328e+01| 4.604e+01|-3.485e+00| 1.411e+01
Gaia DR3 2630815941525069696  |4.560e+00|4.849e-01| 4.408e+00| 1.383e+01|-2.674e+01|-6.167e+00| 5.945e+00|-3.402e+00
Gaia DR3 4121827169981644800  |4.723e+00|4.821e-01| 3.840e+01| 4.915e+00| 5.133e+00| 1.489e+01| 1.536e+01|-2.438e+00
Gaia DR3 6252671461775732736  |6.912e-01|6.641e-01| 3.166e+01|-9.846e+00| 1.946e+01|-4.964e+00|-3.759e+01| 2.923e+00
Gaia DR3 114832620743735808   |1.019e+01|4.241e-01|-1.784e+01| 9.213e+00|-1.112e+01|-1.342e+01|-1.204e+01| 5.637e+00
Gaia DR3 3463299110228918272  |1.686e+00|5.724e-01| 6.962e+00|-1.964e+01| 8.874e+00| 1.645e+01|-4.276e+00| 2.049e+01
Gaia DR3 1641792072561731712  |2.987e+00|5.203e-01|-4.073e+00| 2.959e+01| 2.656e+01|-2.641e+00| 1.570e+01|-5.858e+00
